prompt: "how are you" -> tokens ['how', ' are', ' you']
station 1 (layer index 0), query projection output BEFORE rotary rotation
every question: 14 heads x 3 tokens x 64 slots

===== HEAD 0 =====
token 'how' question:
-0.040 -0.009 -0.289 -0.001 -13.864 +0.385 +0.534 -0.026 -15.969 -34.012 -14.939 +7.603 -0.957 +7.856 +1.259 +2.189 -15.470 +4.195 -0.517 -1.049 +3.656 +0.205 +0.301 +4.385 -2.870 +2.563 +2.104 -1.567 +0.152 +1.462 +0.738 +1.854 +0.129 +0.231 +0.221 -0.595 -11.938 -0.055 -0.384 +0.760 +13.903 +6.147 +2.149 -0.026 +0.035 -27.905 -0.165 -4.107 +9.720 -1.962 +1.965 -0.628 +3.770 -2.999 -4.014 -2.627 +3.792 +1.834 +1.611 +2.049 +1.864 +0.560 -1.299 +0.451
token ' are' question:
+0.026 +0.187 -0.024 -0.450 -13.878 +0.484 +0.486 +0.174 -16.007 -35.272 -15.552 +7.694 -1.169 +8.012 +1.254 +3.337 -15.861 +4.254 -0.829 -1.435 +3.792 -0.917 +0.279 +4.038 -2.857 +2.252 +1.885 -1.507 -0.008 +1.197 +0.370 +1.214 +0.146 +0.265 +0.549 -0.381 -12.995 -0.595 -0.721 +0.743 +14.256 +5.291 +1.162 +0.625 -0.034 -28.614 -0.431 -5.692 +9.334 +0.872 +1.957 -0.926 +4.184 -3.139 -3.643 -2.810 +3.217 +1.411 +1.756 +1.494 +1.504 +0.501 -0.706 +0.446
token ' you' question:
+0.011 +0.151 -0.066 -0.342 -13.762 +0.405 +0.426 +0.211 -15.873 -35.314 -15.192 +7.949 -1.170 +8.169 +1.296 +3.476 -15.772 +4.316 -0.694 -1.357 +3.573 -0.735 +0.337 +4.265 -2.864 +2.410 +1.826 -1.861 -0.001 +1.229 +0.505 +1.298 +0.153 +0.253 +0.482 -0.397 -12.719 -0.512 -0.717 +0.736 +14.054 +5.562 +1.481 +0.555 +0.117 -28.707 -0.552 -5.306 +9.577 +0.622 +1.985 -0.886 +3.959 -3.127 -3.779 -2.662 +3.463 +1.478 +1.894 +1.373 +1.496 +0.505 -0.667 +0.432

===== HEAD 1 =====
token 'how' question:
-1.785 -1.743 -1.070 +5.750 -8.399 +2.215 +2.035 -2.543 -4.454 -2.303 -5.754 -1.120 -3.367 +0.368 +4.137 +0.675 -1.650 -0.129 +3.332 -7.758 +10.312 -3.653 -2.933 +5.582 -7.479 +0.363 +8.404 -1.202 +5.412 +4.459 +1.669 +3.952 -0.279 +0.288 -2.529 -1.269 -17.013 +4.476 +1.925 +3.950 +23.364 -15.673 +2.472 +8.924 -2.092 +13.053 -0.653 -7.000 -0.477 -0.276 +6.288 -4.163 +5.975 -8.563 -2.881 +12.040 -9.213 +14.574 +1.094 +5.181 +2.472 +0.971 -4.475 +2.313
token ' are' question:
-1.843 -2.062 -1.104 +6.251 -7.305 +2.427 +1.971 -2.314 -5.150 -3.060 -5.307 -1.600 -4.431 +1.358 +5.317 +2.208 -1.850 -0.680 +6.794 -11.507 +13.223 -6.592 -8.060 +9.787 -10.920 +1.567 +12.254 +2.495 +11.370 +13.197 +3.221 +12.823 -0.574 +0.466 -2.686 -1.388 -16.976 +4.811 +0.914 +4.408 +22.999 -16.424 +3.279 +9.491 -1.934 +13.222 -1.784 -7.786 +0.679 +1.106 +7.885 -6.240 +6.344 -8.887 -4.461 +15.883 -11.918 +17.273 +0.864 +9.551 +7.354 +5.365 -12.529 +6.833
token ' you' question:
-1.875 -2.031 -1.076 +6.237 -7.546 +2.449 +1.994 -2.282 -5.040 -2.944 -5.436 -1.478 -4.514 +1.215 +5.345 +1.947 -1.823 -0.829 +6.924 -11.579 +13.269 -6.517 -7.953 +9.695 -11.029 +1.835 +12.391 +2.617 +11.441 +13.069 +3.557 +12.777 -0.583 +0.460 -2.666 -1.363 -17.002 +4.775 +1.078 +4.373 +23.236 -16.358 +3.052 +9.438 -1.766 +13.206 -2.165 -7.548 +0.386 +1.056 +8.145 -6.314 +6.634 -9.145 -4.749 +15.911 -12.088 +17.396 +1.186 +9.731 +7.113 +5.262 -12.580 +6.992

===== HEAD 2 =====
token 'how' question:
-0.072 -0.048 -0.169 +0.048 -3.154 +0.102 +0.167 +0.146 +0.615 -4.269 +21.004 +6.718 -0.308 -16.725 +0.336 +6.469 -3.783 +13.602 -0.122 +1.347 +5.332 -0.121 -4.401 +6.546 -4.104 -10.749 +0.155 +0.895 +4.040 +6.024 +0.970 +7.142 +0.079 +0.120 +0.047 -0.185 +0.052 +0.022 -0.040 +0.246 +1.638 -0.011 -23.515 -10.809 -0.314 +15.319 -0.073 +2.349 -15.313 -5.728 +1.245 -2.013 +5.928 -9.933 +4.877 -13.151 -0.608 +20.626 -2.852 +4.149 +3.830 +2.460 -6.525 +1.926
token ' are' question:
-0.032 -0.012 -0.105 -0.004 -3.485 +0.036 +0.077 +0.263 +1.172 -5.192 +20.732 +6.547 -0.449 -16.646 +0.422 +6.217 -3.991 +13.962 -0.132 +1.012 +5.521 -1.317 -3.508 +6.273 -4.808 -12.102 -1.151 +2.099 +3.471 +5.500 +0.277 +5.973 +0.095 +0.112 +0.067 -0.128 +0.392 -0.060 -0.117 +0.154 +1.880 -0.214 -23.279 -10.343 -0.371 +14.408 -0.329 +1.432 -15.708 -4.776 +1.229 -2.057 +7.045 -8.860 +5.032 -12.733 -0.911 +19.062 -3.282 +3.344 +3.228 +3.673 -5.320 +1.098
token ' you' question:
-0.046 -0.034 -0.081 +0.017 -3.331 -0.007 +0.026 +0.246 +1.368 -5.142 +20.975 +6.943 -0.392 -16.767 +0.415 +6.291 -3.651 +14.117 +0.093 +0.994 +5.451 -1.154 -4.001 +6.592 -4.242 -11.886 -1.109 +1.949 +3.266 +5.513 +0.277 +5.961 +0.068 +0.088 +0.004 -0.101 +0.552 -0.074 -0.121 +0.108 +1.826 +0.087 -23.605 -10.385 -0.298 +14.313 -0.314 +1.811 -15.492 -5.119 +1.215 -1.980 +6.779 -9.001 +5.015 -12.794 -0.790 +19.453 -3.262 +3.322 +3.559 +3.256 -5.277 +1.482

===== HEAD 3 =====
token 'how' question:
-0.022 +0.036 -0.176 -0.161 +10.102 +0.191 +0.150 +0.222 +1.563 +6.284 -7.345 -9.823 -0.271 +1.117 +0.323 +3.972 -17.123 +5.786 -0.311 +4.059 -8.448 +0.980 -5.452 +6.637 -3.874 +5.667 +3.967 +2.137 -0.924 +4.222 +1.629 +4.909 +0.197 +0.165 +0.138 -0.211 -1.652 -0.082 -0.141 +0.276 -21.614 -14.538 +20.122 +3.234 -0.256 +17.443 -0.145 +12.348 +14.797 +4.798 -1.509 -1.693 +6.009 -23.223 +1.090 -1.554 -1.244 +1.260 +1.987 +4.290 +0.195 +1.146 -4.938 +1.717
token ' are' question:
-0.179 -0.169 -0.297 +0.175 +11.293 +0.129 -0.028 +0.138 +0.040 +7.540 -7.581 -11.026 -0.156 +1.645 +0.189 +4.847 -18.062 +5.442 -0.344 +4.080 -8.338 +0.890 -6.035 +6.154 -3.530 +5.668 +3.780 +2.028 -0.608 +3.676 +1.392 +4.166 +0.104 +0.181 -0.070 -0.231 -3.021 +0.050 -0.053 +0.136 -21.631 -15.077 +20.293 +3.585 -0.069 +18.773 -0.138 +13.048 +15.166 +5.011 -1.641 -1.539 +5.646 -23.578 +1.222 -1.761 -1.003 +1.555 +1.488 +3.510 +0.462 +1.143 -3.726 +0.837
token ' you' question:
-0.085 -0.052 -0.272 +0.044 +10.722 +0.188 +0.039 +0.147 +0.322 +7.175 -7.563 -10.686 -0.170 +1.442 +0.204 +4.501 -17.613 +5.485 -0.292 +4.091 -8.325 +0.974 -5.936 +6.233 -3.619 +5.693 +3.867 +2.058 -0.742 +3.548 +1.392 +4.214 +0.135 +0.188 +0.011 -0.259 -2.687 +0.016 -0.072 +0.212 -21.642 -14.921 +20.327 +3.458 -0.123 +18.497 -0.125 +12.928 +15.023 +4.797 -1.655 -1.562 +5.671 -23.500 +1.206 -1.720 -1.058 +1.386 +1.567 +3.640 +0.443 +1.030 -3.824 +0.957

===== HEAD 4 =====
token 'how' question:
-0.140 -0.731 -3.600 -6.589 -3.173 +2.987 -3.822 +4.988 -7.679 +8.771 -10.508 -3.276 -1.582 +0.280 +1.359 +0.484 +4.766 -1.776 -0.746 -1.650 +2.177 +1.136 +0.766 +0.903 -0.781 +1.328 +1.447 +0.649 +1.153 +0.651 +0.815 +1.061 +0.833 -0.336 +3.901 -2.693 -8.987 -2.485 -3.331 -1.686 +2.554 -7.347 -3.410 +9.169 +0.668 +0.502 -1.040 +1.890 -1.098 +1.576 +0.215 -0.404 +2.146 -4.591 -4.033 +0.592 -0.652 +1.131 +2.138 +1.449 +0.214 +0.191 -0.966 +0.058
token ' are' question:
+0.149 -1.125 -4.378 -7.691 -0.128 +3.146 -3.575 +5.689 -8.667 +9.519 -11.317 -4.379 -1.617 +0.680 +1.208 +1.314 +2.548 -1.883 -1.241 -1.327 +2.258 +0.541 +1.145 +0.462 -0.593 +1.305 +0.958 -0.360 +1.100 +0.383 +0.845 +0.381 +0.617 +0.142 +4.628 -2.472 -9.770 -3.070 -4.192 -0.951 +2.667 -7.712 -3.078 +9.756 +0.870 +0.399 -0.513 -0.432 -1.092 +3.713 +0.204 -0.687 +2.154 -4.169 -3.183 +0.262 -0.742 +0.616 +2.092 +0.753 -0.834 +0.299 -0.509 +0.200
token ' you' question:
+0.134 -0.924 -4.037 -7.480 -1.035 +3.071 -3.780 +5.507 -8.404 +8.921 -10.707 -4.222 -1.627 +0.692 +1.283 +1.168 +3.763 -1.967 -0.704 -1.525 +1.802 +0.531 +1.084 +0.809 -0.764 +1.430 +1.031 -0.495 +1.058 +0.404 +0.806 +0.574 +0.794 -0.069 +4.589 -2.598 -9.521 -2.970 -4.064 -1.170 +2.577 -7.587 -2.844 +9.590 +0.761 +0.035 -0.916 +0.585 -1.036 +3.122 +0.270 -0.587 +1.797 -4.214 -3.248 +0.462 -0.380 +0.586 +2.156 +0.849 -0.587 +0.292 -0.511 -0.029

===== HEAD 5 =====
token 'how' question:
-1.294 -1.620 +4.283 +2.302 +5.451 +1.789 +0.164 -0.448 -2.593 -0.063 +1.648 -2.130 -0.086 +0.892 +0.254 -1.116 -4.823 -6.458 +0.133 -1.526 +3.678 -0.935 -2.159 +2.184 -2.769 +3.075 +1.700 +0.583 +2.030 +1.172 +0.729 +1.650 -1.318 +6.223 +8.329 -2.024 -6.534 -3.908 -11.469 -0.604 -1.338 -1.220 +0.001 -4.341 +1.518 +2.955 -0.837 +3.413 -2.952 +1.258 +0.664 +0.117 +1.321 -2.648 -1.809 +0.521 -0.443 +2.620 +0.771 +1.819 +0.267 +0.472 -1.414 +0.581
token ' are' question:
-1.106 -1.249 +4.271 +2.682 +7.009 +0.164 -0.200 +1.224 -2.437 +0.448 +0.812 -3.102 -0.467 +0.594 +0.427 -1.212 -6.225 -6.351 -0.057 -2.527 +4.747 -1.158 -2.264 +2.277 -2.410 +3.891 +2.467 +0.514 +2.462 +1.239 +1.215 +1.429 -0.763 +7.216 +7.185 -3.076 -7.775 -3.725 -11.759 -0.779 -1.948 -1.517 -1.183 -4.298 +1.594 +2.650 -1.364 +1.843 -3.470 +2.005 +1.120 +0.069 +1.852 -3.054 -2.060 +0.414 -0.380 +2.996 +1.112 +2.437 -0.070 +0.268 -1.622 +0.876
token ' you' question:
-1.107 -1.212 +4.231 +2.516 +6.761 +0.640 -0.182 +0.776 -2.449 +0.050 +1.026 -2.801 -0.353 +0.837 +0.325 -1.104 -5.487 -6.591 -0.129 -2.350 +4.706 -1.107 -2.222 +2.446 -2.971 +3.920 +2.557 +0.448 +2.520 +1.303 +1.195 +1.715 -0.954 +7.130 +7.605 -2.858 -7.715 -3.745 -11.977 -0.772 -1.967 -1.499 -0.648 -4.441 +1.667 +2.677 -1.231 +2.382 -3.291 +1.779 +0.990 -0.058 +1.690 -3.001 -2.184 +0.534 -0.496 +3.120 +1.187 +2.502 +0.149 +0.172 -1.803 +0.985

===== HEAD 6 =====
token 'how' question:
-0.001 +0.068 -0.263 -0.074 -10.866 +0.258 +0.193 +0.069 +4.736 +0.618 +2.107 +46.829 -0.227 -10.646 +0.355 -4.552 -0.457 +4.076 -0.776 -5.052 -7.691 +3.642 -3.214 +11.821 -4.723 +0.401 +3.090 +6.658 +4.197 +4.803 +2.045 +7.483 +0.290 +0.366 +0.260 -0.387 +0.790 -0.058 -0.111 +0.238 +10.542 -2.211 +3.362 +3.221 -0.056 +4.138 -0.033 -0.477 -0.903 -5.802 +2.379 -0.123 -1.779 -4.167 -0.898 +2.297 +3.273 +16.182 +0.372 +4.991 +3.619 +0.907 -7.360 +2.532
token ' are' question:
-0.036 +0.075 -0.263 -0.158 -11.026 +0.444 +0.299 +0.075 +5.414 +1.400 +1.668 +48.290 -0.363 -11.639 +0.472 -5.696 -0.794 +4.001 -0.551 -5.391 -7.984 +5.087 -3.498 +12.098 -4.535 +1.127 +3.886 +6.253 +4.008 +4.387 +2.450 +7.273 +0.292 +0.392 +0.348 -0.410 -0.049 -0.141 -0.211 +0.472 +10.583 -1.896 +3.314 +2.489 -0.133 +3.984 -0.194 +0.117 -1.601 -5.698 +2.937 -0.315 -1.776 -4.546 -1.153 +2.570 +3.424 +15.691 +0.784 +5.034 +3.853 +0.163 -7.545 +2.394
token ' you' question:
-0.037 +0.004 -0.350 -0.007 -10.956 +0.358 +0.244 +0.059 +5.094 +1.402 +1.765 +47.755 -0.306 -11.525 +0.389 -5.562 -0.728 +3.956 -0.546 -5.402 -7.848 +4.969 -3.560 +12.078 -4.614 +0.909 +3.828 +6.207 +4.107 +4.438 +2.417 +7.285 +0.325 +0.389 +0.276 -0.437 +0.035 -0.057 -0.170 +0.382 +10.549 -2.037 +3.192 +2.691 -0.108 +4.097 -0.176 +0.117 -1.625 -5.744 +2.801 -0.210 -1.791 -4.520 -1.146 +2.518 +3.343 +15.822 +0.690 +5.026 +3.936 +0.209 -7.476 +2.323

===== HEAD 7 =====
token 'how' question:
+0.048 +1.277 +1.764 +1.434 -1.615 -8.949 +0.711 +2.362 +4.601 +0.133 -0.707 -1.691 +1.221 +0.335 +2.914 +5.524 +0.562 +10.222 +1.665 -4.484 -12.420 -0.181 +6.866 -0.344 +1.641 +4.358 +1.650 -0.820 +2.693 +0.069 -1.261 +1.733 -0.449 +2.016 -8.194 -8.940 -0.939 +4.729 +5.269 +2.656 -4.708 -0.212 +0.974 +2.528 -0.394 +4.152 -0.160 -11.682 +2.867 -11.991 +0.996 -7.262 -3.037 +2.456 +2.360 -1.888 -1.396 -5.050 -3.787 +0.322 +0.040 +2.186 +2.086 -0.097
token ' are' question:
+0.168 +0.938 +0.912 +3.955 -2.797 -9.079 +2.256 +3.313 +4.611 +0.558 -0.472 -0.844 +1.152 +0.521 +1.596 +5.073 +0.882 +9.830 +0.340 -4.231 -11.774 -0.609 +6.201 -1.047 +0.972 +3.247 +1.621 -0.786 +2.260 +0.480 -0.772 +1.609 -0.606 +2.749 -9.940 -7.473 -2.899 +4.654 +5.243 +4.089 -3.553 -0.144 +0.546 +4.861 +0.337 +4.139 +0.994 -11.459 +2.666 -11.805 +0.814 -5.707 -2.589 +2.400 +2.320 -2.827 -1.681 -5.295 -3.602 -0.596 -0.374 +1.372 +1.480 -0.758
token ' you' question:
+0.172 +1.143 +1.182 +3.288 -2.459 -9.113 +1.854 +2.985 +4.737 +0.675 -0.574 -1.047 +1.315 +0.585 +1.835 +5.344 +0.846 +10.181 +0.670 -4.616 -11.927 -0.469 +6.532 -0.656 +1.107 +3.531 +1.572 -0.687 +2.430 +0.280 -1.107 +1.837 -0.508 +2.580 -9.619 -8.229 -2.278 +4.776 +5.368 +3.650 -3.792 -0.230 +0.665 +4.706 +0.203 +4.702 +0.950 -11.490 +3.030 -11.710 +1.068 -6.076 -2.715 +2.532 +2.465 -2.357 -1.626 -5.012 -3.849 -0.140 +0.028 +1.646 +1.735 -0.423

===== HEAD 8 =====
token 'how' question:
-0.030 +0.014 +0.133 +0.139 +0.175 -0.406 -0.173 -0.111 +7.229 +6.650 -0.208 -3.978 -2.342 -2.156 +5.397 +1.689 -0.597 -6.269 -3.720 -4.155 +23.207 -0.459 -50.822 -1.634 -3.397 +24.923 +4.408 -3.676 +7.708 +3.291 -1.390 +2.845 -0.030 +0.071 -0.042 -0.088 +0.090 +0.108 +0.228 +0.015 -3.059 -3.070 +0.314 -5.775 -2.818 +3.525 -0.524 -78.492 -1.398 -25.691 +2.936 -5.283 +45.326 -32.446 -5.674 +1.347 +43.371 -21.684 -17.105 -2.634 +0.394 +1.385 +4.293 -3.517
token ' are' question:
+0.010 -0.036 +0.043 +0.091 +0.029 -0.206 -0.135 +0.094 +7.547 +7.069 -0.096 -4.514 -3.785 -1.692 +5.523 +1.077 -0.007 -5.813 -4.301 -4.298 +23.378 -0.097 -51.059 -1.749 -3.390 +24.822 +4.202 -4.275 +7.954 +3.358 -1.566 +2.917 -0.031 +0.055 +0.040 +0.032 +0.075 +0.158 +0.044 +0.055 -2.887 -2.972 +0.132 -5.314 -2.387 +3.522 -1.463 -79.305 -1.580 -25.602 +3.106 -4.860 +45.872 -33.070 -6.496 +1.206 +43.699 -22.283 -17.327 -2.643 +0.128 +1.546 +4.443 -3.579
token ' you' question:
+0.033 -0.076 +0.060 +0.109 -0.027 -0.273 -0.161 +0.106 +7.393 +6.947 -0.087 -4.304 -3.302 -1.777 +5.385 +1.272 -0.050 -6.172 -4.203 -4.292 +23.421 -0.188 -51.018 -1.710 -3.650 +24.821 +4.188 -4.154 +7.910 +3.298 -1.360 +2.954 -0.022 +0.083 +0.080 +0.065 +0.107 +0.201 +0.082 +0.020 -2.794 -3.200 +0.175 -5.404 -2.413 +3.540 -1.051 -79.258 -1.454 -25.620 +3.101 -4.990 +45.792 -32.947 -6.233 +1.334 +43.730 -22.296 -17.271 -2.686 +0.155 +1.521 +4.421 -3.570

===== HEAD 9 =====
token 'how' question:
-0.037 +0.430 +0.371 +0.451 +1.561 -1.393 -1.228 -0.355 -6.432 -15.142 -0.746 +3.006 -7.323 +0.706 +0.765 -0.047 -1.133 +0.989 +2.472 -3.642 +5.397 -2.986 +10.031 +20.133 +0.364 +5.156 +2.590 +0.206 +0.471 -0.498 +0.105 +0.794 -0.108 +0.363 -0.438 -1.099 +0.236 +0.148 +3.569 +2.005 -17.605 +5.712 +1.474 +8.593 -6.503 -10.731 -1.780 -3.376 +0.113 -39.054 -4.968 +3.071 +16.197 +2.190 -5.336 +0.391 +3.818 -1.324 -1.563 -0.555 -0.826 +1.273 +0.212 +0.066
token ' are' question:
-0.040 +0.427 +0.158 +0.393 +1.438 -1.660 -1.785 -0.502 -6.776 -13.503 -0.734 +4.084 -7.018 +2.187 +2.536 -0.611 -1.352 +2.175 +3.287 -3.053 +5.789 -3.142 +9.503 +20.290 +0.535 +5.071 +2.945 -0.565 +0.359 +0.054 +0.459 +0.394 -0.086 +0.270 -0.514 -1.043 +0.091 -0.348 +3.833 +1.992 -19.275 +5.744 +1.451 +11.314 -5.398 -12.303 -0.324 -2.144 +0.194 -38.818 -5.058 +3.678 +15.750 +2.605 -5.173 -0.747 +3.709 -0.136 -1.307 -1.306 -1.408 +1.806 -0.102 -0.444
token ' you' question:
-0.071 +0.534 +0.099 +0.211 +1.304 -1.596 -1.567 -0.529 -6.491 -13.665 -0.720 +3.871 -7.066 +1.656 +2.564 -0.688 -1.364 +1.222 +3.125 -3.064 +5.621 -3.338 +9.625 +20.207 +0.499 +5.086 +2.933 -0.785 +0.203 +0.197 +0.268 +0.560 -0.099 +0.268 -0.634 -1.174 -0.051 -0.217 +3.812 +2.025 -19.445 +5.996 +1.520 +10.694 -5.374 -12.161 -0.856 -2.517 +0.295 -38.697 -5.161 +3.460 +15.706 +2.475 -5.074 -0.255 +3.823 -0.185 -1.286 -1.017 -0.716 +1.590 -0.278 -0.531

===== HEAD 10 =====
token 'how' question:
+0.005 -0.004 +0.005 +0.005 -0.016 +0.007 -0.030 -0.136 -1.061 +1.370 -0.006 +0.204 +21.177 -4.049 -0.381 +22.673 -0.123 -7.325 -2.762 +4.549 -2.163 +1.964 -23.674 -10.733 -1.628 +25.644 +17.048 -1.665 +2.968 +1.443 -0.439 +1.079 +0.016 -0.015 +0.029 +0.017 -0.009 -0.047 +0.056 +0.155 +1.693 +0.356 +0.156 +0.148 +20.790 -0.427 +0.463 +10.392 +0.187 -2.714 +0.002 -0.559 -6.880 +7.425 +2.941 +11.288 -18.555 +9.167 -10.797 +0.235 -1.634 +1.660 +2.095 -0.892
token ' are' question:
+0.007 -0.023 -0.011 -0.048 -0.012 +0.072 +0.074 -0.103 -1.726 +2.082 +0.032 +0.863 +21.652 -5.122 +0.310 +22.582 -0.045 -7.432 -3.037 +4.656 -2.131 +1.791 -23.341 -11.598 -0.919 +25.809 +17.574 -2.492 +1.918 +1.838 +0.114 +0.199 +0.006 +0.010 +0.027 -0.011 -0.028 -0.104 +0.034 +0.177 +2.030 +0.607 +0.124 +0.719 +17.782 -0.774 +1.118 +11.379 +0.214 -2.012 +0.022 -0.496 -7.632 +7.713 +3.638 +11.360 -19.223 +10.918 -10.911 -0.087 -2.940 +1.655 +0.775 -1.023
token ' you' question:
+0.008 +0.000 -0.041 -0.085 -0.034 +0.082 +0.066 -0.127 -1.718 +1.863 +0.045 +1.040 +21.559 -5.075 +0.609 +22.643 -0.034 -7.607 -3.014 +4.569 -2.195 +1.753 -23.377 -11.317 -1.075 +25.835 +17.522 -2.628 +2.034 +1.670 -0.081 +0.449 +0.014 -0.031 +0.012 -0.042 -0.059 -0.096 +0.040 +0.209 +2.070 +0.517 +0.139 +0.591 +18.637 -0.553 +1.143 +11.227 +0.249 -2.194 -0.049 -0.551 -7.490 +7.802 +3.561 +11.381 -18.996 +10.455 -10.880 -0.045 -2.799 +1.633 +0.866 -0.942

===== HEAD 11 =====
token 'how' question:
-0.987 +1.045 +1.253 +0.293 +1.257 -1.398 -0.249 -0.600 +5.453 -24.849 -0.339 -5.161 -1.601 +1.183 -2.180 -2.427 -0.242 -6.091 +5.654 +0.291 -16.236 +4.796 -12.162 +5.534 +3.763 +2.546 +3.119 -0.602 +0.678 +0.946 -0.443 +0.896 -0.427 +1.001 -0.715 -1.436 +0.708 +0.283 +0.998 -0.636 +19.007 +11.972 +1.136 -4.704 -3.728 +4.426 +0.041 -2.708 +1.179 -9.107 -4.806 -0.700 +32.660 +4.904 +2.229 -6.758 +2.090 -5.751 -3.532 -1.327 +0.191 +1.107 +0.693 -1.582
token ' are' question:
-0.597 +0.601 +1.121 +0.192 +0.982 -0.942 -0.176 -0.593 +4.247 -24.470 -0.153 -4.962 -1.838 +0.949 -1.554 -1.935 +0.061 -5.544 +5.961 +1.262 -17.360 +4.991 -12.486 +6.042 +3.711 +2.138 +3.487 -1.054 +1.301 +0.930 -0.855 +1.285 -0.316 +0.691 -0.452 -0.929 +0.555 +0.416 +0.722 -0.435 +21.108 +11.890 +0.910 -2.081 -4.169 +5.823 +0.860 -2.649 +1.115 -9.287 -4.213 -0.050 +32.817 +4.782 -0.312 -6.302 +2.061 -5.518 -4.319 -1.078 -0.346 +1.719 +0.738 -1.174
token ' you' question:
-0.648 +0.712 +1.202 +0.167 +1.098 -1.235 -0.278 -0.621 +4.579 -24.452 -0.260 -5.366 -1.677 +0.806 -1.940 -1.876 +0.080 -5.756 +5.754 +0.925 -17.461 +4.903 -12.452 +6.050 +3.845 +2.439 +3.657 -0.991 +1.197 +0.858 -0.507 +1.165 -0.335 +0.838 -0.555 -1.139 +0.625 +0.407 +0.867 -0.473 +20.789 +12.504 +0.996 -1.211 -4.110 +5.819 +1.166 -2.488 +1.364 -9.200 -4.391 -0.272 +32.656 +5.020 +0.188 -6.381 +2.089 -5.454 -4.215 -1.087 -0.159 +1.565 +0.628 -1.235

===== HEAD 12 =====
token 'how' question:
-0.012 -0.005 +0.297 +0.268 +0.189 -0.185 -0.180 -0.374 +1.453 -3.912 -0.170 -1.460 -4.978 -6.940 -2.045 +0.543 -0.587 -4.521 -6.005 +2.023 -15.105 +2.276 -4.010 -40.192 +4.515 -1.233 +3.132 -0.290 -0.136 +0.689 +0.478 +0.461 -0.017 +0.083 +0.026 -0.045 +0.186 -0.286 +0.137 -0.073 -1.248 +1.873 +0.058 -0.877 +5.635 -15.214 -0.937 +6.577 -0.418 -23.348 +1.432 -6.064 -32.959 -2.221 +4.520 -12.637 +1.626 -8.860 -2.194 -1.744 -0.875 +1.272 +0.902 -0.396
token ' are' question:
-0.003 -0.014 +0.132 +0.124 +0.045 -0.120 -0.140 -0.393 +0.962 -2.196 -0.266 -1.045 -4.664 -4.753 +0.612 -0.149 -0.723 -3.356 -5.704 +2.394 -14.475 +2.177 -3.962 -40.981 +5.050 -1.413 +3.005 -1.257 -0.117 +0.942 +0.172 -0.296 -0.005 +0.043 +0.069 +0.033 +0.096 -0.167 +0.167 -0.075 -0.894 +0.522 +0.249 -0.287 +6.447 -17.142 -1.381 +7.881 -0.227 -23.238 +1.168 -6.573 -33.142 -2.810 +5.159 -13.633 +0.998 -8.938 -2.741 -2.074 -0.456 +1.159 +1.435 -0.173
token ' you' question:
+0.004 -0.023 +0.119 +0.073 +0.063 -0.067 -0.058 -0.273 +1.165 -2.848 -0.132 -1.186 -5.269 -5.673 -0.153 -0.071 -0.647 -3.694 -5.818 +2.302 -14.653 +2.145 -3.891 -40.655 +5.198 -1.338 +3.063 -1.368 -0.219 +0.970 +0.030 -0.039 -0.003 +0.017 +0.018 +0.025 +0.061 -0.124 +0.082 -0.012 -1.021 +1.357 +0.110 -0.441 +6.239 -16.528 -1.589 +7.209 -0.250 -23.189 +1.225 -6.400 -33.089 -2.599 +5.093 -13.232 +1.105 -8.405 -2.770 -1.906 -0.795 +1.260 +1.210 -0.041

===== HEAD 13 =====
token 'how' question:
-0.143 +0.151 +0.543 +0.442 +0.592 -0.590 -0.503 -0.617 +4.460 +8.421 -0.380 +2.684 -1.159 +0.659 -3.303 +0.908 -0.345 -1.930 -0.277 +9.694 -19.652 -8.091 -5.856 +5.713 +2.903 -0.138 +4.356 -0.825 +1.411 +0.776 -1.109 +1.330 -0.074 +0.200 -0.024 -0.372 +0.511 -0.257 +0.489 -0.248 +6.010 -0.547 +0.632 -3.666 -3.301 +3.367 -3.762 +14.754 +0.415 -6.558 +0.221 -10.496 +39.454 +3.660 -0.957 -8.158 +2.996 -8.103 -5.673 -0.211 +0.986 +1.433 +1.788 -0.871
token ' are' question:
-0.370 +0.594 +0.849 +0.424 +0.743 -1.090 -0.623 -0.544 +5.995 +8.558 -0.519 +2.167 -1.960 +1.531 -4.078 +0.007 -0.540 -2.550 -0.627 +8.586 -18.378 -7.923 -5.461 +5.457 +2.940 -0.091 +3.905 -0.536 +0.771 +0.986 -0.855 +1.129 -0.278 +0.606 -0.932 -1.136 +0.714 +0.231 +1.131 -0.326 +4.752 +0.358 +0.591 -6.162 -3.635 +3.123 -4.892 +14.139 +0.328 -5.903 +0.207 -10.703 +39.650 +3.790 +0.132 -7.937 +2.853 -7.532 -5.224 +0.129 +1.581 +0.841 +1.568 -0.778
token ' you' question:
-0.290 +0.435 +0.866 +0.520 +0.814 -1.040 -0.702 -0.716 +5.426 +8.085 -0.573 +2.342 -1.915 +1.423 -3.780 +0.131 -0.621 -2.275 -0.419 +8.612 -18.633 -8.157 -5.697 +5.753 +2.861 -0.038 +3.982 -0.510 +0.836 +0.852 -0.974 +1.212 -0.278 +0.551 -0.632 -0.949 +0.706 -0.057 +0.993 -0.486 +4.925 -0.720 +0.691 -6.404 -3.728 +3.161 -4.600 +14.127 +0.446 -6.250 +0.039 -10.821 +39.525 +3.884 -0.031 -7.911 +3.158 -7.632 -5.248 +0.008 +1.332 +1.174 +1.682 -0.696

