prompt: 'how are you' -> tokens ['how', ' are', ' you']
every LABEL manufactured in the system during this run:
24 stations x 2 cabinets x 3 tokens x 64 slots = 9216 numbers
(key projection output, BEFORE the rotary positional rotation)
NOTE: only 2 label sets per station, not 14 -- grouped-query attention.
cabinet A serves heads 0-6; cabinet B serves heads 7-13.
a percentage = softmax over (question . label / 8) for all visible tokens.
==============================================================================

############ STATION 1 ############

--- station 1 · cabinet A (serves heads 0-6) ---
token 'how' label (strength 250.1):
    -8.194   -3.418   -6.373   +1.115   -0.102   +9.211   +8.640   -1.384
    +0.133   -0.312   -0.088   +0.101  -23.920   -0.054  +20.664   -0.482
    -0.135   -2.390  +18.107  -21.055   +8.039   -6.126  -11.681  +16.323
   -31.532   +3.537  +33.264   +5.399  +32.532 +111.984  +35.981 +120.845
    +6.532   +8.584   +3.578   -6.594   -0.119   -1.344   -1.233   +9.264
    +0.247   -0.028   +0.043   -0.049  +10.054   +0.148  -19.697   +0.041
    -0.252   +0.505  +21.033  -11.922   +4.145   -5.282  -10.972   +7.970
   -11.157  +16.988  +10.450  +52.112  +24.480  +35.540 -129.886  +69.444
token ' are' label (strength 250.4):
    -8.463   -3.665   -6.632   +0.902   -0.041   +9.257   +8.784   -1.078
    -0.082   -0.367   -0.022   +0.022  -23.945   +0.143  +20.632   -0.164
    -0.123   -2.473  +17.618  -20.804   +7.831   -7.152  -11.801  +16.282
   -31.132   +3.042  +32.506   +6.449  +32.914 +112.478  +35.085 +121.140
    +6.278   +8.602   +3.583   -7.062   -0.196   -1.291   -1.445   +9.818
    +0.105   -0.155   +0.126   +0.122  +10.167   +0.102  -20.056   +0.055
    -0.115   +0.751  +21.001  -11.333   +4.005   -5.062  -10.752   +7.888
   -11.343  +16.945   +9.584  +51.753  +24.413  +38.333 -130.151  +68.404
token ' you' label (strength 250.4):
    -8.393   -3.621   -6.544   +0.939   -0.099   +9.139   +8.587   -1.202
    +0.054   -0.383   -0.035   +0.081  -23.888   +0.097  +20.692   -0.322
    -0.097   -2.466  +18.096  -21.083   +7.761   -6.734  -11.795  +16.348
   -30.935   +3.284  +32.810   +6.249  +32.719 +112.338  +35.565 +121.075
    +6.201   +8.462   +3.457   -6.913   -0.147   -1.274   -1.309   +9.561
    +0.201   -0.126   +0.149   +0.038  +10.052   +0.135  -20.136   +0.280
    -0.109   +0.546  +21.059  -11.202   +3.912   -5.114  -10.809   +8.000
   -11.151  +16.889   +9.908  +51.914  +24.309  +37.456 -130.100  +68.731

--- station 1 · cabinet B (serves heads 7-13) ---
token 'how' label (strength 267.6):
    -8.294   -1.126   +6.485   +7.148   +4.902   -3.259   -6.381   -5.601
    +0.310   -0.343   -8.683   +0.026   -0.037   -0.673   -0.512   +0.073
    -3.327   -2.009   +1.354   -8.998   -2.994   +0.905   +0.964   -2.869
   +19.360   +4.926  +12.000  -70.751  +42.896  +89.065  -85.557  +69.371
   -51.483  +16.546   -0.383   -1.744   +4.231   -2.984   +4.525   -3.652
    +0.066   +0.129  +16.432   -0.058   +0.033   +0.217   +1.677   -0.031
   +31.029   -1.157   -9.842   -2.665   -0.042  +11.442   +5.517   -8.256
    +2.464  -13.670  -19.795  -44.310  +68.015  +63.585 +112.633 -123.360
token ' are' label (strength 267.5):
   -10.384   +0.639   +7.174   +7.830   +5.070   -2.593   -5.975   -7.086
    +0.282   -0.320   -9.901   -0.066   +0.197   -0.857   +0.297   +0.426
    -1.854   -2.032   +1.384   -9.162   -3.036   +1.329   +1.367   -2.967
   +18.556   +5.124  +11.925  -70.443  +43.322  +87.898  -84.966  +68.810
   -49.995  +16.848   -1.066   -1.988   +4.915   -3.930   +4.223   -2.754
    +0.126   +0.152  +18.478   -0.459   -0.126   +0.240   +1.359   -0.056
   +32.543   -1.120   -9.621   -3.398   +0.047  +11.337   +5.745   -8.154
    +2.555  -13.842  -20.058  -44.660  +68.719  +64.782 +114.730 -121.313
token ' you' label (strength 267.2):
    -9.454   -0.363   +6.886   +7.702   +5.238   -2.827   -5.799   -6.497
    +0.369   -0.408   -9.034   -0.082   +0.071   -0.784   +0.422   +0.182
    -2.576   -2.267   +1.373   -8.901   -2.858   +1.099   +1.214   -3.035
   +18.889   +4.947  +11.938  -71.092  +42.864  +88.646  -84.598  +68.847
   -49.612  +16.778   -1.070   -1.829   +4.557   -3.123   +4.335   -2.827
    +0.070   +0.172  +18.315   -0.295   -0.033   +0.102   +1.645   -0.013
   +31.924   -1.135   -9.843   -3.088   +0.077  +11.324   +5.836   -8.136
    +2.532  -13.654  -19.896  -44.484  +68.504  +64.834 +113.671 -121.897


############ STATION 2 ############

--- station 2 · cabinet A (serves heads 0-6) ---
token 'how' label (strength 21.5):
    +1.574   +0.509   -0.881   -2.301   +1.028   +2.187   -0.399   +1.889
    +0.223   +1.678   -2.019   +0.654   +1.388   +3.189   +0.519   -0.908
    +2.974   -0.508   -1.097   +0.655   +1.438   -0.840   -0.565   +2.514
    -1.105   +0.056   +0.903   +0.143   +0.645   -1.408   -3.047   +0.120
    -3.052   +3.250   +1.278   +0.482   +1.567   +0.715   +3.732   +2.661
    -2.227   -1.686   -3.606   +1.147   +3.503   -3.347   -3.860   -3.174
    +1.636   +0.055   -1.445   -0.526   +1.081   -2.094   -0.421   +2.810
    +0.946   -1.645  -13.455   -1.261   -0.275   -1.066   -7.609   -3.308
token ' are' label (strength 21.2):
    +1.541   +0.489   -1.217   -2.354   -0.065   +2.355   -2.961   +1.178
    -1.417   -0.887   -1.055   +0.859   +0.407   +1.255   +2.418   -1.245
    +2.989   +2.826   +1.515   -1.756   +3.617   -0.310   +0.483   +1.858
    +0.078   -1.052   +1.275   -0.284   +0.942   -0.307   -0.189   +0.337
    -1.625   +1.721   +0.809   +0.575   +1.440   -0.026   +1.628   +0.467
    -1.145   +0.751   -3.296   -0.745   +1.063   -2.022   -4.326   -2.716
    +1.818   +0.359   -1.722   -2.064   +0.377   -0.891   -0.218   +2.434
    -1.382   -0.671  -14.067   +0.600   -0.273   -1.788   -8.359   -4.261
token ' you' label (strength 25.8):
    +2.626   +0.624   -1.588   -2.240   +3.318   +1.852   -2.924   +2.530
    -0.946   +2.140   +0.155   -0.422   +0.438   +0.909   +2.457   -4.078
    +1.837   +2.018   +0.240   -0.005   +2.471   +3.120   -0.076   +3.323
    +0.659   -2.150   -0.340   +1.130   +1.591   -1.739   -0.103   -0.481
    -1.927   +2.909   +2.014   -1.157   +1.830   +1.416   +1.290   +0.662
    -1.408   +2.090   -3.132   +0.480   +1.915   -3.715   -4.543   -1.968
    +2.824   -1.158   -0.249   -1.047   -0.500   -2.062   +0.280   +5.129
    -2.027   -0.493  -18.521   +0.184   +0.344   -1.646   -8.000   -2.862

--- station 2 · cabinet B (serves heads 7-13) ---
token 'how' label (strength 207.5):
    +3.903   +0.338   -0.032   -0.188   -0.889   -0.351   +2.831   -0.661
    -0.647   -3.264   -4.323   -2.011   -0.049   +4.991   -0.141   -0.101
    -2.688   -0.875   -3.838   +1.414   -0.333   -0.021   -1.127   -0.329
    +3.897   +0.744  +25.430  +19.819   -8.669   +7.163  +85.242  -88.174
    -2.522   +1.022   +3.025   +2.595   +1.103   +0.184   -2.296   -0.395
    +2.158   -4.104   -1.066   +1.322   -0.136   -5.014   +0.051   -1.012
    +0.444   -0.577   -6.829   -1.687   +0.717   +2.782   +0.043   +1.278
    -7.897   +1.985  +24.447   +5.084  +26.746  -43.796  +44.784 +145.804
token ' are' label (strength 207.7):
    +3.741   -0.249   +0.315   -0.952   -1.566   +1.940   +2.863   -0.681
    +0.317   -1.238   -2.459   -1.296   +1.072   +3.672   -1.520   -2.892
    -1.578   -1.823   -4.151   +0.602   +0.228   -1.457   -1.259   -0.590
    +4.637   +1.615  +26.059  +17.590   -8.527   +6.091  +83.429  -88.680
    -1.277   +1.109   +3.491   +2.048   +2.182   -1.185   -1.604   -0.394
    +1.032   -4.773   -1.293   +1.353   -1.630   -1.744   +0.383   -0.876
    -1.322   -1.011   -6.841   +0.489   +1.481   +2.566   -2.149   +1.084
    -8.596   +0.898  +23.930   +3.343  +24.260  -44.878  +45.147 +147.200
token ' you' label (strength 207.4):
    +3.688   -0.242   +0.174   -0.544   -1.433   +1.703   +2.850   -1.789
    +0.477   -1.301   -1.414   -1.334   -0.591   +4.845   -1.849   -0.858
    -2.355   -4.460   -5.516   +0.054   -0.703   +0.167   -2.318   -1.706
    +3.673   +1.881  +26.548  +17.936   -8.497   +5.989  +82.769  -89.599
    -1.270   +1.780   +3.244   +2.348   +2.136   -0.772   -1.468   +0.363
    +2.332   -5.291   -0.594   +1.108   -1.491   -3.143   -0.220   -0.355
    -0.397   -0.825   -6.004   -1.140   +2.257   +2.687   -0.525   +1.628
    -8.132   +2.913  +22.643   +3.163  +24.427  -45.661  +45.547 +146.152


############ STATION 3 ############

--- station 3 · cabinet A (serves heads 0-6) ---
token 'how' label (strength 63.6):
    -3.859   +0.336   -2.084   +0.277   +2.244   +0.713   +0.962   +1.982
    -3.723   -0.875   +0.431   +0.125   +1.039   -1.452   +1.946   -0.702
    +0.410   +0.371   -0.883   +3.971   +2.421   +1.301   -2.559   +0.923
   +22.155   +2.904   +0.744   -0.382  -32.044   +6.031   +1.894   +2.649
    -2.833   -2.740   -0.467   -2.257   -0.049   +1.736   -3.301   -0.226
    +1.424   +1.816   +4.727   +0.440   -1.000   -6.023   -1.334   +0.234
    +1.673   +0.370   +0.782   -7.787   -0.287   -0.927   +4.776   +0.298
   -12.926   -2.690   +2.180   -9.211  +24.835   -4.100  -30.531  -19.126
token ' are' label (strength 64.7):
    -2.194   -0.455   -2.523   +1.366   +2.321   +0.289   +0.678   +3.372
    -4.332   -1.152   +0.946   +0.356   +1.582   -2.078   +0.919   +0.110
    +0.228   -2.154   +1.031   +3.613   +1.230   +2.197   -2.353   -0.219
   +19.871   +2.126   +0.894   -0.222  -36.659   +5.398   +0.860   +0.373
    -2.321   -2.273   +0.342   -2.828   -0.076   +2.248   -2.826   -0.802
    +1.184   +0.934   +4.631   +2.498   -1.893   -4.528   -2.809   +0.350
    +1.463   +2.411   +1.278   -7.253   -0.863   -0.446   +2.811   +1.084
   -16.659   -2.287   +1.777   -8.559  +23.091   -4.007  -30.086  -18.320
token ' you' label (strength 64.5):
    -2.548   -0.503   -1.762   -0.317   +2.759   +0.102   +1.046   +2.317
    -3.697   +0.201   +1.119   +0.842   +0.328   -2.566   +0.122   -0.307
    -0.591   -0.787   +0.048   +4.594   +1.092   +2.144   -2.736   -0.246
   +19.190   +1.394   +2.681   +0.421  -36.615   +7.530   -0.291   +1.629
    -2.438   -2.149   -0.481   -1.930   -1.041   +3.102   -3.555   -0.243
    +0.644   +0.659   +4.333   +0.640   -1.240   -4.685   -1.376   -0.016
    +0.850   +0.479   +0.320   -5.673   -0.501   -0.589   +3.306   +0.303
   -15.258   -2.714   +2.060  -10.765  +24.332   -4.782  -29.838  -17.478

--- station 3 · cabinet B (serves heads 7-13) ---
token 'how' label (strength 120.4):
    -1.380   -1.611   -1.514   -1.030   +0.260   +0.313   +1.024   -1.593
    -3.055   +0.235   +1.600   -1.975   +0.481   -1.634   +1.097   +0.843
    -0.729   +0.151   +0.235   -1.285   +0.461   -1.203   -0.500   -0.979
   +37.558   -0.512   -6.187   -1.177  +60.784   -0.941  -18.401  +43.943
    +0.926   +0.431   -0.016   +1.049   +1.173   +0.891   -2.231   +0.038
    +1.630   -1.719   -0.326   +3.145   +1.100   -5.077   -0.168   -1.209
    -1.876   -2.792   -1.810   +6.338   +0.874   -0.662   -0.513   -0.694
   -28.265   -0.033  -15.297   +1.976  +43.605  +48.040   +3.232  -40.970
token ' are' label (strength 118.4):
    -0.755   -1.494   -0.191   -1.205   -2.197   +1.257   +3.397   -1.569
    -2.545   +2.049   -2.128   -1.014   -0.832   -1.548   +0.758   +1.241
    -1.469   -2.481   -2.108   -2.140   -0.699   -0.391   +0.827   +0.378
   +38.148   -1.771   -6.571   -1.266  +59.908   -1.307  -17.125  +44.248
    +1.132   +1.207   -0.017   +1.808   +1.755   +0.181   -3.167   -0.242
    -0.490   -0.959   -2.822   +4.506   +1.008   -1.174   +2.861   -4.311
    -0.330   -1.638   -3.196   +8.077   -0.028   -0.863   -0.825   +0.807
   -27.243   -1.998  -16.497   +2.222  +41.752  +46.638   +4.316  -38.532
token ' you' label (strength 118.2):
    -1.717   -1.098   -0.979   -0.585   -0.026   +0.639   +1.626   -0.958
    -2.511   -0.956   +1.200   -0.846   +1.371   -4.905   +0.361   +0.352
    -0.480   +0.850   +0.852   -2.903   -0.113   +0.149   -0.541   +0.145
   +37.437   +0.091   -6.336   -3.283  +60.634   -1.377  -19.916  +43.016
    +0.442   +0.557   -0.259   +1.648   +0.858   +0.111   -1.733   +0.849
    +0.337   -0.845   +0.092   +1.712   +2.018   -1.964   +0.590   -2.540
    -0.001   -1.153   -0.981   +6.036   +0.861   -1.690   -0.497   +1.301
   -26.938   -0.781  -15.061   +2.303  +43.227  +46.526   +2.300  -38.342


############ STATION 4 ############

--- station 4 · cabinet A (serves heads 0-6) ---
token 'how' label (strength 1.3):
    +0.000   -0.006   +0.008   -0.001   +0.004   -0.003   -0.012   +0.003
    +0.009   +0.005   +0.001   +0.008   +0.015   -0.010   +0.024   +0.021
    -0.031   +0.033   -0.056   +0.014   +0.091   -0.005   -0.051   -0.097
    +0.043   -0.007   +0.040   +0.015   -0.093   -0.946   +0.094   +0.103
    -0.008   -0.004   -0.004   -0.002   +0.012   +0.007   -0.000   +0.007
    +0.010   +0.001   +0.007   +0.016   +0.020   -0.018   -0.017   +0.003
    -0.044   +0.073   +0.143   +0.052   -0.130   -0.044   -0.055   +0.002
    +0.048   +0.036   -0.177   -0.071   +0.008   +0.809   -0.010   +0.057
token ' are' label (strength 18.1):
    +0.755   +1.093   -1.324   +0.203   +0.215   +1.565   -2.738   -1.639
    +1.538   -2.676   +0.832   +0.060   -0.529   +1.444   -0.184   -1.837
    -4.053   +3.947   +1.652   +0.760   -1.745   +1.363   -2.635   +0.064
    -1.600   +0.608   -1.351   -0.007   +0.913   +7.693   +2.939   -0.025
    -0.962   -0.958   -1.080   -1.059   +2.417   -1.777   -0.568   -2.021
    -0.469   -3.944   -1.657   -1.911   -2.195   +0.331   -1.974   -0.542
    -0.092   -1.890   +2.441   -2.189   -4.140   -1.702   -2.459   -0.878
    -0.277   +2.162   +0.715   +2.162   +5.686   -6.364   +0.197   -0.908
token ' you' label (strength 18.1):
    +0.477   +1.199   -0.957   -0.340   +0.039   +1.603   -2.606   -1.361
    +1.026   -2.061   +0.504   -0.482   -0.453   +1.458   -0.901   -1.516
    -3.771   +2.448   +1.755   +1.006   -1.830   +3.134   -2.931   -2.950
    -1.724   +1.225   +0.277   +1.933   +1.913   +7.315   +1.848   -0.602
    -0.678   -0.712   -0.590   -1.495   +2.744   -1.743   -0.290   -2.833
    -0.999   -4.112   -1.729   -2.653   -2.513   +0.387   -1.617   -2.001
    -0.427   -2.515   +2.435   -1.904   -2.565   -2.445   -3.278   -1.751
    +1.814   +1.214   -0.805   -1.271   +1.477   -7.288   -0.828   +3.050

--- station 4 · cabinet B (serves heads 7-13) ---
token 'how' label (strength 34.9):
    +0.004   +0.013   -0.007   -0.008   +0.038   -0.034   -0.007   -0.006
    -0.040   +0.027   +0.011   +0.032   -0.046   -0.115   -0.051   +0.192
    +0.142   +0.010   -1.453   +0.119   -0.556   -1.003   +0.497   +0.714
    +5.147   +0.533  -24.358   +9.180   -2.633   -2.317   +3.418   +3.886
    +0.006   +0.002   +0.007   -0.011   -0.018   -0.011   -0.003   -0.032
    -0.011   -0.023   +0.022   +0.065   +0.020   +0.026   -0.082   -0.043
    +0.096   -0.147   -0.174   -0.239   +0.235   +0.104   +0.243   -0.284
    +7.406   +0.512  +17.223   +2.782   +1.139   +8.657   +3.746   +4.279
token ' are' label (strength 33.5):
    -3.144   +0.593   -0.009   -2.686   +3.912   -1.778   -3.749   -0.847
    -0.364   +0.221   -1.658   -2.681   +1.462   -1.883   +0.748   +1.345
    -0.892   -1.196   -1.018   -2.290   +0.595   -3.878   +0.185   -1.262
    +9.903   +1.167  -14.778   +6.233   -2.376   -2.884   +4.663   +5.069
    +0.069   -1.953   +1.987   +0.432   +0.170   +1.156   +1.003   +0.805
    -3.624   +3.113   +0.751   -1.459   -1.691   -2.836   +2.615   +2.197
    +0.237   +0.460   -2.904   +0.802   +1.195   -0.589   -0.506   -0.895
    +7.858   +0.902  +19.175   +3.248   +2.984   +8.444   +3.821   +1.355
token ' you' label (strength 33.3):
    -3.067   -0.852   +2.069   -3.278   +4.322   -0.885   -3.664   -0.583
    -0.395   -1.740   -2.443   -2.844   -0.572   -0.186   +0.728   +0.175
    -1.284   -0.630   -1.354   +0.565   +1.614   -1.444   +1.495   +0.397
    +8.217   +2.092  -13.607   +6.747   +0.034   -3.056   +3.407   +3.617
    -0.126   -1.960   +0.319   +0.010   +0.231   +0.482   +1.218   +1.624
    -3.670   +1.237   +1.223   +0.699   +0.175   -3.697   -0.081   +2.126
    +0.263   -0.166   -2.324   -0.567   -1.237   -2.554   +0.281   -1.097
    +7.752   +4.070  +19.200   +5.674   +1.826   +9.602   +5.811   +4.333


############ STATION 5 ############

--- station 5 · cabinet A (serves heads 0-6) ---
token 'how' label (strength 0.7):
    -0.001   +0.004   -0.005   -0.003   -0.014   -0.017   +0.010   -0.001
    -0.013   +0.013   -0.004   -0.007   -0.003   +0.009   +0.014   +0.002
    -0.013   +0.012   -0.023   +0.065   -0.043   -0.048   +0.024   -0.118
    -0.075   -0.082   +0.497   -0.114   -0.175   -0.073   -0.113   +0.101
    -0.007   +0.006   +0.003   -0.004   +0.007   -0.003   +0.011   -0.004
    -0.000   -0.010   -0.013   +0.008   -0.002   -0.014   +0.007   -0.006
    +0.018   +0.035   +0.018   -0.033   -0.021   +0.031   -0.049   +0.090
    -0.015   -0.031   +0.190   +0.039   -0.048   +0.043   -0.167   +0.073
token ' are' label (strength 17.8):
    +2.223   +1.850   +0.737   +0.482   +1.169   -0.862   +0.216   -0.424
    +0.544   +2.315   +0.766   +1.347   -0.901   +1.891   -4.891   -1.615
    -0.191   +0.690   -0.670   -3.242   +0.372   -1.048   -0.787   -0.011
    +1.097   -0.481   -3.059   +1.142   +3.073   +0.857   -1.807   +0.693
    +0.304   +1.322   +1.137   +2.164   +1.879   -3.713   +1.442   -3.288
    -4.109   +1.663   +3.977   +1.575   -1.439   -1.861   -0.156   -1.343
    +1.227   -1.627   -2.604   +0.224   -1.448   +0.627   +0.528   -0.951
    +0.954   -0.468  -11.165   +0.080   +1.434   -0.481   -0.027   -0.089
token ' you' label (strength 19.8):
    +3.959   +1.441   +1.134   +0.661   +1.736   -0.949   +1.271   -1.531
    -0.872   +1.859   +2.127   +2.448   -0.875   +0.651   -4.964   -1.315
    -0.455   +0.308   -0.621   -3.774   -0.384   -0.862   -2.068   -0.464
    +0.008   +0.265   -3.744   +0.603   +2.060   +0.639   -0.928   -0.907
    +1.731   +1.091   -0.722   +2.428   +0.191   -4.518   +2.967   -3.329
    -4.367   +0.987   +5.153   +2.918   -1.200   -0.952   +0.535   -2.105
    +0.131   -2.141   -0.274   -0.082   +0.240   +0.808   -0.101   -0.782
    +1.195   +0.403  -12.430   -1.441   +1.347   +0.262   -0.509   +0.671

--- station 5 · cabinet B (serves heads 7-13) ---
token 'how' label (strength 26.2):
    -0.008   -0.002   -0.010   +0.020   -0.006   -0.001   -0.016   -0.000
    -0.003   -0.015   -0.019   -0.004   -0.024   +0.003   +0.023   +0.007
    -0.051   -0.034   +0.050   +0.007   -0.017   +0.005   +0.007   +0.226
    +0.150   +1.972   -0.306   +0.981   +5.729   -0.379   -9.215   -7.764
    +0.011   +0.008   -0.004   +0.008   +0.004   -0.017   +0.003   +0.005
    -0.008   +0.003   -0.017   -0.033   -0.025   +0.008   +0.011   -0.070
    -0.052   +0.022   -0.038   +0.081   -0.054   -0.129   -0.273   -0.057
    -0.239   -2.445   +0.221   -1.036   -5.165   +5.642   +9.078  +18.856
token ' are' label (strength 24.7):
    -1.187   +0.113   +0.727   +1.908   +0.354   +1.648   -0.863   +0.361
    +1.266   +0.049   +0.756   +3.108   +1.170   -0.242   -2.071   -0.573
    +0.354   -2.961   -0.111   -0.426   +1.437   -2.905   +3.691   +0.648
    +1.674   +3.774   -0.662   +1.040   +1.008   +0.709   -8.051   -7.659
    -1.188   +0.934   -0.325   +1.141   -1.193   -0.243   -1.136   +2.099
    +1.387   +1.732   -1.004   +1.593   -0.039   +1.412   +2.203   -0.045
    -1.399   -1.133   -0.642   +1.268   +0.688   +0.871   -0.274   -0.665
    +1.425   -1.705   -0.811   -1.377   -7.503   +0.744   +6.928  +16.163
token ' you' label (strength 24.3):
    -1.566   -0.171   +1.300   +1.836   -0.542   +1.834   -1.434   +0.229
    +1.987   +0.618   +1.331   +3.361   +0.264   -0.298   -2.506   +0.258
    -0.735   -3.023   +1.318   -0.010   +1.853   -2.649   +4.914   +1.282
    +2.465   +3.443   -1.976   +2.044   +0.004   -0.103   -5.981   -6.035
    -1.938   +0.644   -0.459   +1.043   -1.183   +0.366   -2.201   +1.032
    +1.929   +1.401   -2.404   +1.909   -1.467   +1.355   +2.402   -0.944
    -1.253   -1.724   -1.514   -0.684   +0.325   +1.578   +0.028   +1.801
    +0.220   -0.889   -3.385   -0.786   -9.437   -0.683   +6.071  +14.691


############ STATION 6 ############

--- station 6 · cabinet A (serves heads 0-6) ---
token 'how' label (strength 0.7):
    -0.002   -0.006   +0.003   -0.010   -0.003   +0.005   +0.006   -0.001
    +0.001   +0.004   -0.011   +0.014   +0.006   -0.003   +0.014   -0.016
    -0.017   +0.026   -0.035   -0.019   -0.029   +0.019   -0.009   -0.021
    -0.103   +0.037   -0.064   +0.451   +0.098   -0.029   -0.103   -0.270
    +0.014   +0.002   -0.002   +0.002   -0.010   -0.008   -0.004   +0.014
    +0.005   +0.017   +0.000   -0.019   +0.007   +0.003   -0.002   -0.003
    +0.032   +0.001   +0.039   -0.048   -0.021   -0.039   -0.019   -0.008
    -0.070   +0.183   +0.080   +0.141   +0.131   +0.025   +0.186   -0.013
token ' are' label (strength 14.5):
    -0.036   -0.939   +1.010   -0.459   +1.214   +0.059   -1.665   -0.498
    -2.261   +0.518   -2.237   +0.296   +1.300   -0.925   +1.586   -0.097
    +1.010   -0.240   -2.511   -1.306   -1.459   -3.697   +0.240   +2.379
    +0.041   +4.203   +0.821   -3.199   -2.230   -0.179   -0.611   +2.315
    +0.387   -0.048   +1.214   -1.192   -1.206   -1.527   +0.438   +2.002
    +0.915   +1.535   -1.492   +0.778   +3.486   -2.336   +0.397   -2.796
    -2.423   +0.910   +0.554   +2.566   -0.177   -2.268   +1.670   -1.100
    -1.015   -0.596   -0.189   -6.523   -0.002   -0.146   -2.558   +1.098
token ' you' label (strength 15.3):
    -0.346   -1.993   +1.113   -0.141   +1.953   -0.073   -2.091   -1.116
    -3.284   +0.972   -2.967   +0.386   +1.634   -1.553   +0.500   -1.107
    +1.538   -1.227   -2.177   -0.778   +0.076   -4.734   +1.645   +0.658
    -1.371   +3.088   -0.298   -3.636   -1.035   -1.127   -1.224   +0.318
    +1.059   -0.293   +0.371   -1.857   -1.988   -1.333   +1.382   +1.805
    +1.949   +0.520   -2.312   +1.300   +3.008   -3.014   +1.610   -2.769
    -1.290   +0.514   -0.008   +2.854   +0.786   -1.363   -0.628   -1.579
    -1.346   +0.767   +1.040   -6.571   +0.928   -0.553   -2.571   +1.595

--- station 6 · cabinet B (serves heads 7-13) ---
token 'how' label (strength 0.7):
    +0.010   -0.001   +0.002   +0.005   +0.001   +0.003   -0.003   -0.004
    +0.012   -0.000   +0.011   +0.023   -0.006   +0.007   +0.005   +0.003
    -0.018   +0.002   -0.015   -0.013   +0.029   +0.035   -0.047   +0.013
    +0.066   +0.018   +0.065   +0.128   -0.398   +0.051   +0.041   -0.031
    -0.002   +0.003   +0.004   +0.003   +0.010   +0.012   +0.003   +0.004
    +0.005   +0.005   -0.006   -0.005   +0.006   -0.000   -0.006   -0.003
    -0.002   -0.009   +0.040   +0.042   +0.059   +0.066   +0.079   +0.041
    -0.046   -0.009   +0.048   +0.089   -0.152   -0.155   -0.088   +0.379
token ' are' label (strength 11.8):
    +1.859   +1.018   +0.096   -1.182   -0.306   +0.434   -0.412   +1.708
    +0.339   -0.422   -0.010   +0.876   +2.222   +0.450   -0.034   +1.007
    +0.029   +1.010   +1.557   +0.597   +2.302   -0.563   -1.261   -0.130
    -0.375   -0.794   -2.510   -0.364   +1.839   -0.507   -1.792   +1.664
    +1.103   +1.408   +0.673   +1.119   +0.761   +1.270   -1.489   -0.792
    -0.513   -1.228   +0.373   -0.111   -1.422   -2.159   -1.295   +2.096
    -1.094   +1.084   -1.889   -0.278   +1.969   -3.847   -0.283   +1.107
    +0.388   +0.593   +0.477   -1.842   +5.455   +1.632   +0.313   +2.826
token ' you' label (strength 14.1):
    +1.729   +1.457   +0.547   -1.818   -0.348   +1.241   +0.418   +2.279
    -0.511   -1.766   +0.275   -0.342   +2.721   -0.380   -0.300   +1.251
    +0.608   +1.758   +0.847   +2.248   +3.268   -0.506   -0.081   +0.543
    +0.028   -1.353   -4.265   -2.572   +2.287   -0.376   -2.020   +1.167
    +0.986   +1.490   +0.539   +1.719   +0.530   +2.484   -0.475   -1.355
    -0.747   -2.329   +0.399   -0.306   -1.123   -2.797   +0.491   +2.812
    -1.137   +0.147   -1.515   -0.522   +2.050   -2.637   -0.335   -0.124
    +0.179   -0.168   +1.651   -1.732   +6.355   +0.812   -0.670   +3.237


############ STATION 7 ############

--- station 7 · cabinet A (serves heads 0-6) ---
token 'how' label (strength 9.0):
    +0.007   +0.002   +0.003   -0.001   +0.008   +0.001   +0.003   +0.008
    +0.009   +0.000   -0.000   +0.003   -0.004   +0.020   +0.009   -0.017
    +0.036   -0.097   -0.027   -0.117   -0.670   +0.694   +0.156   -0.475
    +1.793   +2.176   -0.859   +0.154   +0.388   +0.751   -0.301   +3.068
    -0.005   +0.002   -0.007   +0.001   +0.013   +0.008   +0.007   +0.004
    +0.005   -0.002   +0.005   +0.000   -0.023   +0.008   +0.031   +0.025
    -0.010   +0.079   +0.031   +0.243   +0.033   +0.115   -0.184   +0.088
    -6.906   -3.230   -0.375   -0.043   -0.668   +0.816   -0.819   +0.241
token ' are' label (strength 10.9):
    -1.006   +1.431   +2.057   -0.153   +0.163   +2.746   -1.619   +0.362
    -2.171   +1.758   -0.280   +1.511   -1.214   -0.089   +0.769   -1.456
    +0.209   -1.282   +1.086   -0.553   -1.139   +0.349   +0.243   -1.058
    -3.092   -0.661   -0.230   -0.178   +0.437   +0.654   -0.737   +1.607
    -1.585   -0.654   -1.043   -2.461   +1.659   -0.435   -0.290   +2.380
    +1.404   -0.197   -1.846   -2.093   -1.427   +0.365   +1.248   +1.588
    -0.363   +1.883   +0.655   +0.920   +0.879   -0.187   -1.460   -0.021
    -2.609   -3.176   -1.449   -0.104   -0.877   +1.745   -1.563   +0.517
token ' you' label (strength 12.3):
    -0.692   +1.659   +2.256   +0.335   +0.424   +2.732   -2.181   +1.580
    -2.145   +2.555   -0.443   +1.654   -0.931   +1.491   -0.252   -0.372
    -0.086   -1.808   +1.858   -1.900   -1.924   +0.687   -1.218   +0.320
    -3.865   -1.239   -0.530   +0.004   +0.955   -0.643   -2.234   +0.915
    -2.299   -1.174   -0.244   -2.375   +2.008   -0.220   -0.116   +2.330
    +1.051   +0.412   -1.326   -1.831   -2.036   +1.974   +0.378   +1.768
    +0.554   +1.681   -0.130   +1.526   -0.783   +0.681   -0.250   +0.018
    -1.395   -4.028   -0.495   +0.494   -0.259   +1.560   -1.941   +0.673

--- station 7 · cabinet B (serves heads 7-13) ---
token 'how' label (strength 0.6):
    -0.004   +0.003   +0.002   -0.001   +0.003   +0.002   -0.000   -0.002
    +0.000   +0.003   -0.004   +0.010   -0.011   -0.001   -0.011   -0.015
    +0.010   +0.016   -0.023   -0.040   +0.028   -0.021   -0.025   -0.016
    +0.012   -0.270   -0.085   +0.033   +0.064   +0.122   +0.146   +0.065
    +0.001   +0.007   +0.001   +0.001   -0.001   +0.005   -0.002   -0.002
    -0.005   -0.011   +0.004   +0.001   -0.014   -0.002   -0.005   -0.002
    +0.018   +0.013   +0.015   +0.020   +0.004   +0.026   +0.023   +0.074
    +0.014   -0.268   -0.087   -0.015   +0.067   +0.388   -0.092   -0.050
token ' are' label (strength 14.0):
    -0.885   -0.462   -1.757   -0.955   -2.063   +0.027   -1.777   +0.643
    -1.412   -0.960   -2.292   +0.649   -1.336   +3.442   -0.006   +0.731
    +0.145   +3.106   -1.841   +2.726   +1.008   -0.904   -0.808   -0.082
    -2.015   -0.126   -0.852   +1.109   -0.609   +4.613   +0.419   +0.337
    -1.829   +0.023   -0.250   +0.316   +0.758   -0.358   +0.226   +2.768
    +0.515   +1.255   +1.207   +0.543   -0.220   -0.636   -0.514   +1.337
    +0.966   +1.423   +0.859   +0.289   -0.594   +1.831   -1.157   +1.798
    -0.353   +7.316   +1.589   -0.992   -0.042   -2.112   -4.262   -0.128
token ' you' label (strength 15.7):
    -1.546   +0.309   -1.763   -1.706   -2.250   +0.045   -1.988   +1.556
    -1.907   -0.389   -2.614   +0.873   -0.662   +4.273   +0.783   +0.951
    -0.390   +1.945   +0.075   +3.054   +0.893   -2.332   -1.083   -0.264
    -1.745   -0.290   -2.644   -1.762   +0.601   +5.116   +0.871   -0.533
    -2.355   -0.172   +0.591   +0.547   +1.639   +0.348   +1.323   +3.409
    +1.197   +0.240   +1.615   -1.223   +1.143   -0.789   -0.293   -0.203
    +0.010   +0.365   +0.029   +0.220   -2.352   -0.303   -0.535   +0.780
    +2.503   +7.862   +1.512   -2.515   -1.800   -2.457   -3.196   -0.770


############ STATION 8 ############

--- station 8 · cabinet A (serves heads 0-6) ---
token 'how' label (strength 0.6):
    +0.010   -0.013   -0.001   -0.009   +0.000   -0.005   -0.006   +0.004
    -0.002   -0.001   -0.006   +0.012   -0.001   +0.004   +0.012   -0.002
    +0.001   +0.012   +0.014   +0.013   +0.007   +0.032   -0.044   -0.028
    -0.020   -0.090   -0.110   +0.203   -0.195   +0.031   +0.059   +0.114
    -0.005   +0.005   +0.002   +0.001   +0.001   +0.007   +0.004   -0.000
    -0.003   +0.002   -0.003   -0.009   +0.007   -0.008   -0.007   -0.012
    +0.006   +0.020   -0.029   +0.003   +0.021   -0.033   -0.037   -0.002
    +0.095   +0.006   +0.405   -0.022   +0.059   +0.005   +0.066   -0.037
token ' are' label (strength 18.1):
    +2.849   -2.781   +1.783   -1.109   -0.406   -3.888   -1.208   -3.062
    +0.589   +1.241   +1.101   +2.187   -0.923   -0.664   +1.251   +0.295
    +1.165   +1.521   -0.181   +1.945   -0.908   -0.550   +1.591   +0.284
    -0.011   +0.114   +9.917   +1.501   +0.983   +0.710   +1.190   +1.522
    -0.693   -0.443   -1.141   +1.908   -3.876   -0.605   +2.387   +2.050
    -2.148   +2.831   -4.674   +3.717   +4.065   +3.365   +2.936   +0.656
    +3.551   -1.402   +0.223   +1.099   +1.520   -0.098   -0.978   +0.281
    -0.140   +0.246   -3.338   -0.582   -0.548   -0.687   +0.475   +2.035
token ' you' label (strength 18.0):
    +2.834   -2.867   +2.046   +0.006   -0.463   -3.291   -1.187   -3.084
    -0.160   +0.324   +0.283   +3.603   +0.516   +2.303   +0.895   +0.340
    -0.233   +0.847   -0.531   +1.768   -0.619   -0.991   -0.333   -1.107
    -0.941   +0.173   +9.422   +1.232   -0.121   +2.359   +1.390   +0.673
    -0.451   +0.542   -1.029   +2.657   -4.336   +0.347   +3.831   +1.901
    -1.805   +2.538   -4.412   +3.312   +4.098   +3.221   +4.170   +0.826
    +1.130   -2.458   +0.522   +0.395   -0.444   +0.334   +0.817   -0.380
    +1.034   +0.693   -3.359   -1.251   +1.063   -0.456   +0.545   +0.436

--- station 8 · cabinet B (serves heads 7-13) ---
token 'how' label (strength 0.4):
    +0.003   +0.006   +0.002   -0.006   -0.007   +0.010   -0.000   +0.002
    -0.002   +0.002   -0.003   +0.001   -0.004   +0.018   -0.001   -0.001
    +0.000   +0.001   -0.028   +0.048   -0.025   +0.005   -0.029   -0.062
    -0.077   -0.047   -0.039   -0.051   -0.034   +0.082   +0.059   +0.109
    +0.009   -0.007   -0.008   +0.003   -0.000   +0.003   -0.005   -0.007
    +0.009   +0.002   -0.000   -0.001   +0.009   -0.003   -0.009   -0.011
    -0.012   -0.010   -0.004   -0.020   -0.017   -0.023   +0.016   +0.034
    +0.049   +0.007   -0.020   -0.001   +0.067   -0.068   +0.317   -0.002
token ' are' label (strength 15.6):
    -0.238   +1.721   +1.741   +0.606   +1.946   +1.589   -0.485   -0.139
    -2.244   +1.726   -3.518   +0.086   -0.910   -0.789   -1.513   +2.607
    -0.685   +1.554   -0.854   -0.680   +0.468   -1.442   -0.018   +0.246
    +0.142   +3.210   -0.203   +0.349   +1.816   +0.685   +3.952   -2.964
    +0.881   -1.023   -0.783   +2.654   +0.458   +3.048   -2.488   +3.048
    +0.823   +2.526   +0.820   +2.644   -0.659   +0.836   +0.548   -2.295
    -2.506   +4.437   -2.923   +2.009   +2.412   -4.437   -0.588   -3.091
    -1.795   -1.824   -0.006   -1.734   -1.184   +0.325   -3.716   -0.976
token ' you' label (strength 16.6):
    -0.767   +1.697   +1.521   +1.538   +3.051   +1.381   -1.553   +0.239
    -2.967   +2.451   -3.889   +0.707   -0.219   +0.225   -1.953   +3.970
    +1.263   +1.286   -0.577   -1.251   +1.805   -0.705   -0.130   +2.269
    -0.807   +2.998   -1.740   -0.078   +2.834   -0.546   +4.988   -3.438
    +1.174   -0.923   -0.995   +2.284   +0.008   +2.924   -2.629   +2.266
    +0.799   +3.502   +0.757   +2.355   -1.334   +0.779   +2.523   -2.864
    -0.456   +4.690   -1.044   +0.365   +2.413   -1.556   -2.008   +0.119
    +0.866   -1.473   +0.581   -0.423   +0.459   +0.039   -4.095   +3.209


############ STATION 9 ############

--- station 9 · cabinet A (serves heads 0-6) ---
token 'how' label (strength 285.4):
    -0.001   +0.016   +0.000   +0.001   +0.011   -0.013   +0.000   +0.002
    +0.019   -0.018   +0.002   -0.033   -0.036   +0.016   -0.075   -0.025
    +0.053   +0.223   -0.179   -0.980   +0.010   +0.782   +0.612   -0.391
   +17.272   +0.205   +9.268   +1.143   -4.359  -11.968 -141.843 -213.658
    +0.012   +0.001   +0.005   -0.002   -0.001   +0.006   +0.016   -0.001
    -0.003   -0.022   +0.020   -0.030   +0.011   +0.001   +0.082   -0.137
    +0.082   -0.232   +0.045   -0.610   -0.141   +2.305   -0.593   +0.135
    +1.969   -3.351   +8.490   +1.135   -2.721  -35.445   +7.266 -117.023
token ' are' label (strength 285.7):
    -0.136   +2.533   -0.326   +0.595   -0.391   +2.515   -2.622   -1.269
    +1.377   +3.662   +0.495   +2.874   -0.611   +0.434   -2.191   +0.820
    +2.115   +2.940   +0.270   -1.276   +0.635   +0.528   +0.778   +0.737
   +11.144   +1.921   +5.622   +1.464   -5.323  -12.393 -141.139 -215.988
    +2.194   +0.116   +2.296   -0.533   +2.426   +1.514   +1.239   +1.561
    -1.308   -1.729   +0.201   -3.033   -1.193   +1.081   -1.538   -0.508
    +3.333   +0.034   -0.672   -4.912   -0.084   +2.019   -1.493   -1.287
    -8.032   -3.534   +5.050   +0.590   -3.487  -37.329  +12.015 -113.653
token ' you' label (strength 285.5):
    -0.593   +1.780   +0.791   +2.610   +0.355   +2.982   -3.269   -0.822
    +1.622   +3.842   +0.706   +2.147   -1.458   +0.721   -3.817   +1.700
    +1.712   +2.061   -0.008   -1.783   -0.017   +0.535   +1.029   -0.355
   +11.507   +0.210   +4.689   +1.762   -6.391  -13.027 -138.875 -216.478
    +2.866   -0.471   +2.466   +0.435   +2.161   +1.221   +2.337   +2.340
    -1.838   -2.924   +1.729   -3.156   -2.449   +1.471   -2.395   -1.582
    +1.668   +1.928   -1.459   -6.210   -1.332   +3.255   +1.161   -1.711
   -10.178   -2.554   +5.227   +2.693   -2.799  -34.209  +13.972 -115.074

--- station 9 · cabinet B (serves heads 7-13) ---
token 'how' label (strength 5.9):
    +0.003   -0.003   -0.000   -0.002   -0.001   +0.011   -0.005   -0.002
    +0.005   -0.003   -0.005   -0.009   -0.012   +0.012   -0.013   -0.022
    -0.053   +0.011   -0.034   -0.134   -0.025   -0.281   +0.026   -0.284
    -0.069   -3.405   -0.030   +0.168   +0.550   -0.099   +0.159   -1.206
    +0.002   -0.010   +0.007   +0.003   -0.005   +0.004   +0.003   -0.005
    -0.006   +0.000   +0.011   +0.005   -0.009   +0.004   +0.014   -0.006
    +0.009   -0.006   -0.027   +0.437   -0.028   -1.366   +0.011   -0.001
    -0.072   +3.362   -0.129   -0.004   +0.427   -0.314   -0.505   +2.595
token ' are' label (strength 14.3):
    -3.417   -1.367   +1.776   +0.282   +2.764   -0.654   -0.370   -2.041
    -0.071   +1.034   -2.548   +1.633   -2.199   -1.510   +1.580   -0.336
    +1.531   +1.209   -0.745   +1.109   -1.677   -4.568   +0.064   -0.094
    -0.156   +4.393   -0.804   +0.143   +0.681   -0.179   +0.264   -1.742
    +0.816   -2.767   +1.662   +3.079   +0.500   +3.619   -3.110   -1.308
    +2.880   +3.599   -0.079   -0.040   -0.868   +1.402   +0.270   -0.794
    +1.911   -2.973   +0.503   +2.894   +0.473   -0.645   +1.371   -1.296
    +0.366   +0.271   +0.870   -0.340   +1.155   -0.997   -0.587   +2.080
token ' you' label (strength 15.8):
    -3.687   -2.136   +2.624   +0.434   +3.953   -1.622   -0.425   -1.938
    +0.357   +1.877   -1.682   +2.772   -2.178   -2.237   +3.230   -2.440
    +1.409   +1.527   +1.494   +1.533   -1.324   -4.026   -0.316   -1.719
    +0.287   +4.897   -0.503   -1.518   +1.165   +0.015   -0.023   +0.306
    +0.471   -2.323   +1.814   +2.596   -1.498   +3.202   -3.455   -1.090
    +3.162   +2.603   +1.410   +0.436   +0.499   +1.485   +0.621   -2.200
    +4.161   -2.419   +1.067   +1.502   +0.495   -0.154   +0.107   +0.200
    -0.141   +0.348   +0.874   -0.054   +0.705   -1.921   -0.421   +1.988


############ STATION 10 ############

--- station 10 · cabinet A (serves heads 0-6) ---
token 'how' label (strength 0.9):
    +0.000   +0.003   +0.006   +0.000   +0.008   +0.008   -0.006   +0.003
    +0.005   -0.005   -0.019   +0.008   -0.002   +0.008   -0.009   -0.011
    +0.026   +0.012   +0.002   -0.026   -0.027   +0.036   -0.019   -0.038
    +0.075   -0.328   -0.004   -0.174   +0.015   +0.137   +0.003   +0.651
    -0.000   +0.004   -0.000   -0.000   +0.006   -0.001   +0.002   +0.009
    +0.008   +0.009   +0.002   +0.012   -0.001   -0.001   -0.001   +0.012
    -0.009   -0.017   -0.013   +0.024   +0.036   -0.037   -0.040   +0.080
    +0.091   -0.107   -0.014   +0.083   +0.033   -0.205   -0.032   -0.224
token ' are' label (strength 16.0):
    -0.724   +0.231   -0.482   +2.042   +0.857   +2.075   -1.126   -0.442
    +0.666   -2.131   +2.695   -1.316   -3.225   -0.727   +0.104   -1.989
    -0.553   -1.396   -0.726   -0.345   +2.026   +1.743   -5.461   +1.688
    +1.555   +0.253   +2.340   +2.887   +1.525   -1.097   -3.248   -3.445
    +0.143   -1.822   -0.194   +0.064   +0.856   -0.406   -1.412   +2.060
    +1.098   +1.844   -1.271   +0.341   +0.538   -1.710   +1.761   -4.046
    -0.906   +0.986   -0.120   -1.191   -0.725   -0.520   +0.183   +4.595
    -1.044   +6.352   +2.122   -3.092   +0.741   +1.105   -0.209   -2.668
token ' you' label (strength 15.7):
    -2.131   +0.406   -2.098   +2.049   +1.175   +2.873   -1.497   +0.181
    +1.099   -2.178   +2.046   -0.886   -3.495   -0.722   +0.937   -1.299
    +0.784   -0.261   -1.180   +0.414   +0.927   +1.855   -6.134   +1.799
    +1.033   -0.107   +1.596   +2.699   -0.749   -0.033   -3.331   -0.958
    -0.398   -1.984   +0.469   +0.123   +0.452   -0.372   -1.115   +1.922
    +0.750   +2.304   -0.547   +1.065   +1.802   -1.508   +2.961   -2.770
    -1.349   +2.206   +0.072   -1.797   -0.221   -2.745   +0.185   +1.923
    -0.351   +7.312   +1.267   -2.569   +1.554   +0.600   +0.895   +0.420

--- station 10 · cabinet B (serves heads 7-13) ---
token 'how' label (strength 0.5):
    -0.004   -0.005   +0.006   -0.008   -0.003   -0.003   -0.004   -0.003
    +0.004   -0.001   -0.016   -0.014   +0.010   -0.016   -0.012   +0.010
    -0.030   +0.001   +0.020   +0.006   +0.016   -0.113   -0.151   -0.037
    -0.022   -0.035   +0.001   -0.028   -0.010   +0.042   -0.044   +0.333
    +0.003   +0.002   +0.001   +0.010   +0.001   +0.003   +0.003   +0.006
    +0.007   +0.013   +0.011   -0.002   +0.009   +0.019   -0.011   +0.008
    -0.026   -0.009   +0.006   -0.003   -0.039   -0.029   +0.038   -0.048
    -0.118   -0.030   -0.031   -0.020   +0.004   +0.027   +0.064   +0.272
token ' are' label (strength 13.9):
    +0.253   -0.114   +0.401   -0.503   -0.405   -0.362   -0.743   +0.847
    +1.914   +1.333   -0.869   -0.869   +1.214   +2.130   -2.304   +1.193
    -4.737   +0.737   +0.225   +2.751   +1.576   -4.968   +3.264   +0.540
    +0.365   -0.856   -1.448   +0.744   +0.193   -1.298   +3.331   -3.203
    +0.348   +0.572   -0.108   -0.568   +0.067   +0.328   +0.546   -0.432
    +0.278   +0.395   +3.415   +0.813   +0.572   +1.558   -0.621   +0.750
    +0.480   -0.565   +0.487   +1.405   -0.620   +3.222   +5.037   +0.699
    -0.769   +2.647   -1.079   -2.355   -0.844   -0.001   -0.674   -2.138
token ' you' label (strength 17.2):
    +0.523   -0.172   +0.779   -0.356   -0.501   -0.615   -0.947   +0.799
    +1.765   +0.696   -0.994   -0.406   +1.832   +1.037   -2.070   -0.407
    -4.067   +1.643   +0.488   +2.792   +0.678   -4.091   +2.177   +0.290
    +1.592   +1.039   -0.083   +6.090   +3.047   -3.845   +4.948   -2.703
    +0.736   +0.564   +0.252   -0.795   -0.146   +0.421   +0.603   -0.436
    +0.162   +0.498   +2.562   +1.063   +0.264   +1.602   -0.720   -0.332
    -0.102   -0.708   -0.285   +3.300   -1.776   +2.681   +4.019   +1.253
    -2.999   +5.297   -3.391   -2.590   +0.083   -1.957   -1.593   -4.102


############ STATION 11 ############

--- station 11 · cabinet A (serves heads 0-6) ---
token 'how' label (strength 0.9):
    +0.003   -0.004   +0.000   +0.005   -0.006   -0.008   +0.001   +0.002
    -0.003   +0.003   -0.005   +0.004   +0.020   +0.006   +0.002   -0.011
    +0.006   +0.017   +0.017   -0.009   -0.021   +0.026   -0.078   -0.297
    +0.049   -0.100   -0.157   +0.115   -0.133   +0.077   -0.135   -0.009
    +0.000   +0.001   +0.012   +0.002   +0.008   +0.008   +0.004   -0.006
    -0.018   -0.012   -0.001   +0.010   +0.009   -0.004   -0.005   -0.005
    +0.010   +0.005   +0.040   +0.028   +0.007   -0.027   +0.062   -0.041
    -0.013   +0.028   +0.330   -0.528   -0.086   +0.302   -0.279   -0.047
token ' are' label (strength 15.0):
    -0.409   -0.986   +1.516   -0.134   -0.261   -1.820   -1.116   +2.413
    -1.101   +2.801   +0.403   +2.784   -2.157   +2.153   -0.004   +1.380
    +1.550   +0.841   +0.639   +3.022   +1.217   +0.229   -1.126   -0.292
    -0.807   +0.220   -0.438   -7.331   +0.128   +2.370   -0.289   -0.867
    -2.115   -0.945   +0.066   +2.745   +0.463   +1.367   -0.578   -1.566
    -1.172   -2.357   -0.355   -1.718   +0.477   +3.181   -1.421   -1.713
    +2.599   -1.016   -0.136   -1.094   -1.230   -1.917   +0.567   +4.309
    +1.126   -1.991   +2.521   +3.142   -0.705   -0.015   -2.416   +0.983
token ' you' label (strength 15.0):
    -0.449   -0.831   +2.348   +0.008   +0.043   -1.957   -1.861   +2.344
    -1.597   +2.932   -0.278   +2.191   -2.361   +1.856   -0.785   +0.752
    +1.514   +0.617   +1.686   +3.117   +1.593   -0.131   +0.495   -0.372
    -1.142   +1.196   -0.257   -7.411   -0.202   +2.238   -0.164   -0.963
    -2.416   -1.476   -0.079   +2.410   +0.298   +2.210   -0.413   -1.434
    -0.545   -2.308   -0.143   -2.115   +0.393   +3.900   -1.207   -1.484
    +2.396   -0.835   -0.396   -0.435   -0.029   -1.712   +0.560   +3.259
    +1.474   -1.910   +0.424   +3.138   -1.025   +0.940   -2.883   -0.164

--- station 11 · cabinet B (serves heads 7-13) ---
token 'how' label (strength 1.0):
    +0.001   -0.001   -0.002   +0.002   +0.010   +0.005   -0.006   +0.005
    +0.002   -0.010   +0.002   +0.010   -0.015   +0.004   -0.003   +0.003
    -0.007   +0.031   -0.036   -0.032   -0.035   +0.034   +0.020   +0.036
    +0.048   -0.014   +0.263   +0.210   -0.095   +0.048   +0.028   -0.127
    +0.005   +0.012   -0.008   -0.012   -0.005   +0.009   +0.004   -0.006
    +0.005   +0.009   +0.006   -0.009   -0.030   +0.000   -0.011   +0.004
    -0.016   +0.008   -0.004   -0.003   -0.027   +0.089   -0.038   -0.079
    +0.000   +0.027   -0.007   -0.545   +0.005   +0.029   -0.186   -0.646
token ' are' label (strength 15.0):
    +1.042   -0.500   -0.369   +1.391   +0.369   +1.316   -1.271   -0.560
    -1.044   -0.435   -2.796   +2.795   +2.720   -0.520   -0.298   -3.069
    -1.175   -0.944   +0.963   +0.937   -0.642   -0.199   +0.371   +1.439
    +0.914   -6.042   -0.081   -6.666   +2.650   -0.465   +0.829   +3.076
    -0.651   +1.212   +0.612   -0.880   +0.301   +0.905   +0.615   +0.101
    -0.471   +0.335   -0.537   -0.082   -0.708   +1.374   -1.277   -1.728
    -0.201   +1.187   +1.179   -0.749   -0.432   -5.086   +1.311   -2.415
    +0.269   +0.025   -2.901   +2.497   +3.217   +1.517   +0.023   -1.407
token ' you' label (strength 15.7):
    +1.674   -0.458   +1.082   +0.964   +1.008   +0.747   -1.332   -0.078
    +0.371   -0.480   -3.170   +1.952   +2.874   -0.617   -0.114   -4.447
    -0.862   -1.413   +2.270   +1.448   +0.008   -0.818   -1.520   +1.504
    +1.216   -4.446   -1.327   -7.073   +0.181   -1.555   -1.717   +2.688
    -0.244   +1.563   +0.492   -0.712   -1.145   +1.614   +1.338   -1.234
    -0.004   +2.190   -1.738   -0.351   +0.484   +1.065   +0.335   -2.212
    +0.299   +2.306   +2.142   +0.336   -0.559   -5.292   +0.228   -1.036
    +0.898   +2.568   -3.585   +2.496   +0.303   +1.271   -0.164   -1.293


############ STATION 12 ############

--- station 12 · cabinet A (serves heads 0-6) ---
token 'how' label (strength 0.6):
    +0.003   -0.009   -0.001   -0.007   -0.003   -0.004   +0.007   +0.004
    -0.001   -0.002   +0.003   +0.008   +0.009   +0.001   -0.001   +0.004
    +0.003   -0.001   -0.010   +0.008   -0.031   -0.008   -0.026   -0.003
    +0.030   +0.026   +0.011   -0.048   -0.520   +0.094   +0.148   -0.213
    +0.005   -0.004   -0.005   +0.006   -0.005   -0.006   +0.002   +0.004
    +0.003   +0.006   -0.007   +0.004   -0.007   +0.000   -0.014   +0.000
    -0.007   +0.013   -0.001   +0.022   -0.032   +0.015   -0.030   +0.009
    +0.040   +0.015   -0.031   -0.043   -0.167   +0.064   -0.112   -0.003
token ' are' label (strength 11.3):
    +0.279   -0.468   -0.118   -0.088   +0.069   -0.672   +0.888   +2.012
    -0.459   -1.360   -0.218   -1.181   +1.912   -0.711   -1.333   -1.064
    -2.117   -1.195   +1.395   +0.706   -0.710   +0.512   +2.080   +1.306
    -1.336   +1.341   +0.434   +1.511   +0.762   -0.099   -0.696   +4.047
    +0.032   +0.017   -0.772   +0.454   -1.420   -0.363   -0.425   -0.383
    +1.194   -1.665   -1.403   -0.149   +2.141   -0.525   -1.875   -1.234
    +0.360   -0.870   +0.955   +1.655   +0.862   +1.514   -0.000   -0.223
    -0.828   -1.400   +0.091   +1.190   +6.380   -0.805   -0.513   +0.749
token ' you' label (strength 16.1):
    +0.981   -1.039   +0.052   -0.592   +0.327   -1.428   +1.731   +1.075
    +1.077   -0.639   +0.887   -1.266   +1.642   +1.064   -2.460   -0.811
    -1.133   +0.839   +1.577   +0.118   +0.994   +1.028   +0.309   +1.589
    -0.704   -1.897   +3.326   -0.757   +0.902   -0.825   -1.468   +2.524
    +0.482   -0.646   -1.191   +1.325   -1.243   -0.088   +0.334   -0.375
    +1.628   -3.537   -1.616   +0.718   +3.532   +0.519   -2.557   -3.370
    +0.771   -1.495   +1.826   +1.034   -1.993   +0.332   +0.051   +1.551
    +4.160   -1.744   +4.405   +0.800   +8.155   -4.156   +0.741   -2.844

--- station 12 · cabinet B (serves heads 7-13) ---
token 'how' label (strength 1.6):
    -0.000   -0.005   -0.001   +0.006   +0.000   -0.007   +0.004   -0.001
    -0.013   +0.003   -0.013   -0.025   +0.016   +0.001   -0.000   +0.006
    +0.043   -0.032   +0.041   -0.042   +0.084   -0.003   +0.035   -0.126
    +0.039   -0.034   +0.039   -0.052   +0.032   +0.054   +0.083   -0.003
    -0.001   +0.006   -0.011   -0.000   +0.008   -0.006   -0.003   -0.006
    -0.015   -0.012   -0.020   -0.004   +0.007   -0.010   -0.001   +0.023
    +0.037   -0.027   +0.043   -0.013   -0.078   +0.009   +0.190   +0.026
    -0.078   -0.034   -0.027   +0.042   +0.018   +0.023   -0.151   -1.585
token ' are' label (strength 13.6):
    +0.245   +0.343   +0.487   +0.410   -0.512   -0.380   -0.130   -1.091
    -1.236   +0.732   -0.779   -1.312   +1.702   +0.809   +0.029   +2.043
    -1.251   -2.368   +2.206   -2.106   -0.970   -0.527   +6.533   +2.205
    -2.406   -0.157   -1.829   +4.689   -1.552   +0.194   +1.051   +2.080
    +0.242   -0.148   -0.034   +0.522   -0.244   -0.724   +0.358   -0.484
    -0.420   -1.034   -0.227   +0.563   -0.795   -1.727   -0.209   +0.142
    -1.490   +0.024   -1.796   +1.705   -2.464   -3.113   -1.206   +0.421
    -0.169   +1.640   -2.295   +1.533   -1.907   +2.425   +2.115   +3.309
token ' you' label (strength 18.4):
    +0.320   +0.448   +0.798   +0.665   -0.774   -0.735   +0.196   -1.646
    -0.856   +0.588   -1.036   -1.990   +1.117   +0.463   +0.608   +2.029
    -0.561   -3.789   +0.491   -3.790   -0.955   +0.197   +5.976   +1.020
    -4.328   +2.446   -2.528   +4.169   -0.685   +4.423   +4.789   +2.358
    +0.246   -0.218   -0.172   +0.668   -0.366   -0.834   +0.476   -0.469
    -0.495   -1.128   +0.015   +0.261   +0.344   -1.808   -0.044   -0.120
    -1.451   -0.261   -1.662   +1.114   -3.613   -2.422   -2.209   +2.097
    -1.343   +5.969   -0.411   -0.800   -6.108   +2.916   +2.679   +4.847


############ STATION 13 ############

--- station 13 · cabinet A (serves heads 0-6) ---
token 'how' label (strength 5.7):
    +0.003   -0.009   -0.002   -0.006   +0.015   +0.003   +0.001   -0.006
    +0.006   -0.016   -0.012   +0.006   -0.005   -0.014   -0.010   +0.007
    -0.013   +0.031   +0.001   +0.021   +0.083   +0.106   -0.037   +0.003
    +0.430   +0.013   +0.377   -0.000   +0.170   -0.026   -0.003   -0.079
    +0.007   -0.001   +0.005   +0.010   -0.005   -0.002   -0.011   -0.008
    +0.004   -0.011   -0.006   +0.003   -0.001   -0.007   -0.020   -0.017
    +0.002   -0.036   -0.001   +0.030   +0.008   -0.002   -0.074   -0.171
    +0.220   +0.288   -0.199   +0.062   +0.417   -0.535   -0.347   +5.580
token ' are' label (strength 14.3):
    +1.292   +0.788   -1.080   -1.080   -0.058   +2.412   +0.138   -1.739
    -0.212   -1.182   +1.741   +1.304   +0.592   +2.179   +3.274   +0.660
    -1.559   +0.030   +1.184   -0.634   -0.968   +0.191   +0.585   -1.056
    +0.627   +0.190   +1.865   +0.563   +3.789   -1.375   -2.015   +2.881
    +1.400   -0.227   +1.486   +1.385   -1.273   -0.997   +0.716   -1.272
    -0.998   -0.777   -2.087   +2.240   +2.018   -0.210   +0.695   +3.157
    -0.002   -0.700   -4.447   +0.317   +0.330   -3.825   -0.891   +0.117
    -6.914   +0.931   +0.402   -1.016   -0.520   +2.216   -1.536   -0.620
token ' you' label (strength 15.2):
    +0.817   +1.635   -0.646   -0.817   -1.188   +1.857   +0.055   -2.445
    -0.824   -1.123   +2.108   +0.556   +1.045   +1.554   +3.929   +0.809
    -0.810   -0.060   +1.198   -0.829   +0.336   -1.003   -1.106   -0.902
    +1.644   +0.288   +2.059   +0.854   +3.857   +0.064   -1.517   +1.654
    +1.731   -0.319   +1.098   +1.581   -0.898   -1.271   +1.561   -1.142
    -1.011   -1.007   -2.907   +0.976   +1.162   +0.689   +1.125   +3.809
    -0.153   -0.264   -4.027   -0.274   +0.621   -3.771   +0.966   -0.462
    -8.589   +0.191   -0.005   -2.275   -0.161   +1.440   -0.880   -0.832

--- station 13 · cabinet B (serves heads 7-13) ---
token 'how' label (strength 1.9):
    -0.003   -0.003   +0.003   +0.006   -0.008   -0.004   -0.006   -0.005
    +0.010   -0.009   -0.007   +0.018   -0.027   -0.018   -0.002   +0.025
    +0.016   -0.016   -0.004   -0.036   +0.014   +0.032   +0.039   +0.012
    +0.074   -0.566   +0.149   +0.073   +0.111   +0.010   -0.567   -0.045
    -0.005   +0.003   +0.007   +0.004   -0.007   +0.002   +0.002   +0.003
    -0.005   -0.005   +0.003   +0.010   -0.009   +0.011   +0.009   -0.002
    -0.014   +0.020   -0.032   -0.030   +0.025   -0.105   -0.070   +0.019
    +0.071   -0.059   -0.127   -0.130   -0.068   -0.050   +1.717   +0.105
token ' are' label (strength 15.4):
    -1.224   +0.154   +0.858   -0.881   -2.312   +0.247   -0.788   +2.108
    +1.322   +1.225   -0.678   -1.454   +1.266   +2.017   +0.475   -1.688
    -2.189   +0.066   -2.843   -0.645   +0.261   -0.929   -1.651   +0.132
    -0.545   +1.336   -0.422   +1.059   -2.261   -0.489   +5.637   +2.394
    -1.183   -1.876   +1.552   +1.987   +0.816   -1.341   -2.204   -0.578
    +3.475   +1.571   +1.101   +1.965   -0.641   -3.628   -1.403   +4.049
    -1.026   +2.668   +1.422   +1.244   -0.395   +1.714   -1.703   +0.386
    -1.536   +6.139   +0.214   +0.000   -2.632   +1.192   -2.409   -1.700
token ' you' label (strength 17.2):
    -1.469   -0.357   +0.263   -0.677   -2.776   -1.400   -0.250   +3.179
    +1.617   +1.704   -1.032   -2.185   +2.880   +2.979   +0.833   -2.309
    -2.035   +1.250   -3.029   -0.623   +1.031   -0.589   +0.933   +0.358
    -1.053   +1.385   -0.754   -0.285   -1.058   -0.451   +4.844   +0.980
    -1.936   -2.203   +2.549   +1.720   +1.694   -1.973   -2.658   +0.791
    +2.989   +0.812   +2.511   +1.899   -0.922   -2.601   -2.587   +4.911
    -0.474   +3.799   +0.587   +3.638   +2.074   +0.277   -1.241   +0.598
    -1.055   +5.578   -0.247   +1.509   -2.733   +3.704   -2.964   -1.099


############ STATION 14 ############

--- station 14 · cabinet A (serves heads 0-6) ---
token 'how' label (strength 3.1):
    +0.009   -0.002   -0.004   +0.001   -0.004   +0.006   -0.011   -0.007
    -0.003   -0.007   +0.001   -0.010   +0.016   -0.017   -0.003   +0.003
    +0.006   +0.008   -0.024   +0.025   -0.058   -0.023   -0.266   +0.147
    -0.172   -0.119   -0.039   -0.037   -0.169   -0.280   +0.081   -0.742
    -0.000   -0.000   -0.002   -0.013   -0.016   +0.004   +0.007   +0.002
    +0.004   -0.000   +0.014   +0.004   +0.011   +0.001   -0.003   -0.006
    -0.018   +0.020   -0.000   -0.011   +0.063   +0.015   +0.075   +0.022
    +0.056   -0.076   -0.044   +0.017   -0.029   -0.048   +0.127   +2.995
token ' are' label (strength 14.9):
    +1.277   -0.630   -1.534   -0.190   +0.030   +1.514   -0.387   +0.419
    -0.247   -1.528   -1.454   +1.698   -3.520   +0.149   +1.778   +0.442
    -1.395   -2.184   +3.093   +3.120   +1.070   -1.447   +2.903   -0.303
    +1.919   -1.054   +1.927   +2.055   -2.452   -0.872   +3.209   +5.473
    +0.839   +1.253   +1.307   -2.633   +0.640   +2.293   +0.933   +2.806
    +1.410   -2.804   +1.314   +0.863   +1.936   +1.433   -0.208   +2.406
    +2.232   +0.205   +0.240   -1.034   +1.380   -0.089   +2.930   +0.275
    +3.148   +2.451   +0.527   -1.478   +0.369   +1.919   -1.543   -2.035
token ' you' label (strength 15.0):
    +1.835   -0.007   -1.534   -0.749   +0.712   +1.483   -0.328   +0.676
    -0.384   -2.653   -1.143   +2.918   -2.303   -0.402   +2.238   +0.534
    -0.529   -1.925   +2.955   +3.079   +0.257   -1.404   +2.656   -0.801
    +1.809   -1.374   +1.327   -2.208   -3.147   -0.993   -0.046   +4.584
    +0.993   +1.709   +0.652   -3.043   +1.366   +2.475   +1.715   +2.206
    +2.136   -3.226   +0.720   +1.011   +1.709   -0.120   +0.415   +2.870
    +2.713   +0.947   -0.346   -0.196   +1.715   -0.701   +3.477   +1.408
    +2.626   +1.426   -0.327   -0.073   +3.038   +1.967   +1.747   -2.177

--- station 14 · cabinet B (serves heads 7-13) ---
token 'how' label (strength 2.3):
    -0.001   -0.002   -0.006   +0.005   +0.004   +0.007   +0.003   +0.002
    -0.004   -0.007   +0.007   +0.019   +0.009   -0.008   -0.007   -0.011
    -0.000   -0.003   -0.064   -0.033   -0.042   -0.022   +0.009   -0.043
    -0.047   -0.182   +0.016   +0.095   -0.171   +0.016   -0.008   -0.632
    +0.010   +0.006   -0.004   +0.009   -0.002   -0.008   -0.002   +0.007
    +0.004   +0.007   +0.006   -0.008   +0.007   +0.004   -0.002   +0.009
    +0.002   -0.011   -0.059   -0.039   -0.006   +0.000   +0.282   -0.050
    +0.121   +0.083   -0.075   -0.012   +0.050   -0.151   +0.088   +2.130
token ' are' label (strength 13.2):
    -0.486   -0.325   -0.254   +0.059   +1.054   -0.500   +0.384   -0.125
    -1.411   -0.734   -1.757   +1.084   -0.372   -1.192   +1.075   +1.460
    +2.293   +0.088   +2.343   -0.631   -2.758   -0.585   +2.597   -0.020
    +0.620   +0.653   -0.630   -0.124   -1.232   -3.392   -2.540   +4.136
    +0.410   -0.205   +0.940   -0.533   -0.211   +0.449   -0.956   +0.861
    -1.354   +2.188   -0.983   -0.365   +1.745   -0.088   -1.766   +1.861
    +2.784   +0.776   +2.959   +2.250   +2.424   -0.363   -2.147   +0.432
    -0.368   +0.559   -1.502   -3.341   -1.458   -0.374   +4.185   -2.934
token ' you' label (strength 14.0):
    -0.236   +0.438   -0.123   +1.187   +1.647   -0.213   +0.314   -1.161
    -1.998   -0.788   -1.874   +0.783   -0.263   -1.695   +1.202   +1.284
    +2.932   +0.331   +1.727   -1.288   -3.094   -0.629   +2.538   +0.484
    +1.919   -0.831   -0.994   -2.155   -2.088   -4.666   -2.097   +4.140
    +0.900   -0.637   +0.853   -0.794   -0.285   +0.536   -1.770   +1.916
    -1.313   +2.034   -0.468   -1.258   +1.793   -1.652   -1.315   +2.794
    +1.601   +0.649   +3.855   +1.977   +2.242   -0.078   -1.645   -0.147
    -1.468   +0.695   -1.304   -2.203   -0.129   +0.294   +3.110   -2.731


############ STATION 15 ############

--- station 15 · cabinet A (serves heads 0-6) ---
token 'how' label (strength 1.1):
    -0.001   -0.002   -0.005   +0.007   +0.002   +0.004   +0.006   +0.001
    -0.007   -0.012   +0.000   -0.002   -0.010   +0.006   +0.018   +0.002
    +0.016   -0.028   +0.016   -0.011   +0.063   -0.031   +0.062   +0.338
    +0.097   -0.089   -0.097   +0.881   -0.042   -0.258   +0.005   -0.190
    -0.001   +0.003   +0.002   +0.004   +0.007   -0.007   -0.008   -0.005
    +0.002   -0.018   -0.008   +0.002   +0.014   -0.008   -0.008   +0.007
    -0.021   +0.001   +0.029   +0.006   +0.015   +0.029   -0.155   -0.057
    +0.072   -0.101   +0.107   +0.345   +0.029   +0.064   -0.077   -0.278
token ' are' label (strength 15.2):
    -1.241   -0.294   -1.392   +0.068   -1.985   +2.603   +0.005   +0.723
    +2.619   +0.086   +2.389   +2.279   -2.434   -0.884   +0.506   +3.438
    +0.627   +1.931   +2.329   +3.002   -0.032   +1.668   -2.745   -1.275
    +0.393   -0.333   +1.105   -3.879   +1.510   -3.490   +0.063   -0.752
    -1.019   +1.010   +0.187   +0.769   +0.176   -0.795   +0.579   +0.562
    -1.629   -0.554   +0.984   -0.952   -1.532   -2.120   +0.057   -1.749
    +0.906   +0.197   -0.898   -2.306   -0.611   +1.136   +0.304   -0.057
    -0.440   +1.677   +0.018   -8.748   -0.321   +2.591   +1.635   +0.363
token ' you' label (strength 16.2):
    -1.498   +1.180   -1.736   +0.619   -2.676   +1.994   +1.307   +0.616
    +3.177   -1.447   +2.892   +1.413   -3.055   -0.912   +0.175   +1.836
    +0.914   +2.280   +2.482   +2.857   -0.816   +1.560   -1.765   -0.555
    +0.955   -0.825   +1.693   -3.830   +0.053   -1.497   -0.717   -0.161
    -1.282   +0.961   +0.148   +1.512   -1.113   -2.005   +2.189   +0.051
    -2.788   -1.124   +2.017   -1.092   -1.224   -0.431   +0.500   -2.899
    +1.826   +0.406   +0.202   -2.090   -0.434   +1.977   +1.089   +0.289
    -0.137   +0.590   +0.753   -9.226   -2.472   +3.193   -0.318   -1.360

--- station 15 · cabinet B (serves heads 7-13) ---
token 'how' label (strength 2.8):
    +0.006   +0.004   +0.001   +0.003   -0.000   +0.008   -0.000   +0.007
    -0.003   -0.013   +0.017   +0.012   +0.027   -0.002   -0.040   +0.058
    +0.014   +0.003   -0.029   -0.004   +0.015   -0.014   +0.092   +0.419
    -0.072   +0.036   +0.061   -0.010   +0.080   -0.026   +0.741   -0.434
    +0.005   -0.002   -0.007   -0.002   -0.002   +0.001   +0.006   -0.003
    -0.009   -0.005   -0.009   -0.006   +0.007   +0.017   +0.015   -0.010
    -0.020   -0.029   -0.005   +0.028   +0.022   +0.060   +0.149   +0.187
    +0.165   -0.167   -0.066   +0.173   -0.034   -0.123   -2.538   +0.237
token ' are' label (strength 13.2):
    +1.174   +1.851   +1.183   +0.210   -1.896   +0.067   -0.384   +0.947
    +1.346   +1.317   +0.269   -1.234   -1.525   +0.671   +0.519   +0.109
    -0.393   +3.426   -1.098   +1.759   +2.264   +1.176   -1.825   -0.937
    +0.044   -0.330   -1.216   +0.546   -0.277   -4.420   -6.413   -1.486
    +1.387   -0.310   -0.997   -0.240   +0.089   -0.913   -0.249   +1.191
    -0.111   +0.159   +0.134   +2.088   +0.087   -0.359   -2.059   +0.018
    +1.509   +1.410   -1.108   -1.318   +1.119   +0.163   -3.858   -2.417
    +0.037   -0.056   +2.550   +3.065   -1.179   +0.622   +1.707   -0.668
token ' you' label (strength 14.4):
    +1.306   +1.239   +1.005   -1.379   -1.140   +0.255   -1.115   +0.752
    +2.803   +0.447   -1.342   -1.611   -1.366   +0.473   +1.893   +0.531
    +1.093   +2.021   +0.796   +1.320   +3.621   +1.970   -1.145   -1.628
    -0.125   -0.413   +1.853   +2.469   +1.410   -1.822   -7.168   -2.479
    +1.176   +0.202   -0.586   +1.005   +0.417   -0.320   +1.298   +1.304
    +0.809   -0.270   +0.631   +1.791   +0.924   +0.105   -2.516   +0.634
    +2.655   +1.791   -2.488   -0.910   -0.245   +1.649   -2.536   -4.042
    +1.660   +0.332   +1.513   +2.570   -2.043   +0.116   +1.220   +0.408


############ STATION 16 ############

--- station 16 · cabinet A (serves heads 0-6) ---
token 'how' label (strength 1.4):
    +0.003   -0.005   -0.002   +0.011   +0.004   +0.012   -0.015   -0.011
    +0.006   +0.022   +0.003   -0.015   -0.026   +0.019   +0.011   +0.022
    +0.007   -0.020   -0.009   -0.039   -0.024   +0.036   +0.012   -0.117
    -0.089   -0.094   -0.018   +0.527   +0.276   +0.508   +0.703   +0.294
    -0.001   +0.006   -0.013   -0.004   +0.008   +0.017   +0.005   +0.005
    -0.006   +0.000   -0.016   -0.022   -0.010   +0.003   +0.029   +0.017
    -0.007   +0.025   -0.051   +0.044   +0.046   -0.049   -0.097   +0.210
    -0.124   +0.109   +0.080   +0.324   +0.262   -0.246   +0.209   +0.519
token ' are' label (strength 13.4):
    -2.803   -1.855   +1.160   -1.724   +0.458   -1.506   -0.061   -1.226
    +3.336   +0.344   +1.456   +0.001   +0.927   -2.196   -0.048   +1.844
    +0.006   -1.276   +0.594   +1.036   +0.621   -0.323   -0.256   +0.225
    -1.082   -1.200   +0.832   -3.018   -0.042   +1.545   -0.763   +0.430
    -0.388   +1.430   -2.092   -1.312   +2.509   +0.156   +0.636   -2.030
    -1.004   +1.216   +1.985   -0.734   +0.861   +1.578   -0.224   -0.376
    +3.899   +0.420   +0.864   -0.422   -0.338   -1.845   +1.483   -0.220
    -0.017   -0.659   -0.388   -7.573   -2.897   -0.478   +0.656   +0.189
token ' you' label (strength 15.1):
    -2.934   -2.359   +0.811   -2.222   +0.166   -1.644   +0.984   -1.135
    +2.327   +0.831   +1.476   +0.626   +0.759   -2.667   +0.247   +2.038
    +0.199   -0.101   -0.605   +0.446   +1.359   +0.151   +0.164   -1.780
    -1.170   +0.012   +0.925   -3.356   +1.537   +1.055   -0.769   -0.525
    -0.323   +1.347   -2.219   -1.613   +2.803   +0.791   +2.105   -2.163
    -1.544   +2.107   +2.175   -0.292   -0.423   +2.170   +0.341   -0.298
    +3.343   +0.927   +0.223   -0.066   +0.859   -2.810   +0.343   -0.206
    +0.236   -0.420   -0.830   -9.133   -2.302   -0.546   -1.678   -0.535

--- station 16 · cabinet B (serves heads 7-13) ---
token 'how' label (strength 1.2):
    +0.003   -0.003   +0.006   -0.002   +0.015   -0.007   -0.010   +0.006
    -0.002   +0.006   +0.005   +0.020   +0.022   +0.001   +0.028   -0.005
    +0.034   +0.004   +0.007   +0.025   +0.017   -0.024   +0.000   -0.081
    +0.081   +0.043   +0.168   -0.039   -0.079   +0.027   -1.152   +0.089
    -0.007   +0.002   -0.012   +0.009   +0.006   -0.010   -0.001   -0.019
    -0.008   +0.010   +0.004   -0.011   +0.009   -0.013   -0.012   +0.043
    +0.047   -0.015   -0.017   -0.030   -0.021   -0.019   +0.016   +0.048
    -0.056   +0.016   -0.152   +0.072   -0.053   -0.089   -0.218   +0.189
token ' are' label (strength 11.1):
    +0.198   -0.729   -0.096   -0.028   +0.522   +0.008   -0.749   +0.861
    -0.336   -2.054   +0.899   -0.364   -0.168   +1.643   -0.333   -1.096
    -0.820   +0.669   +0.131   +0.190   +2.337   +1.962   -0.728   +0.701
    +1.535   -0.677   +1.244   -0.691   +2.441   -2.526   +2.447   +3.734
    -0.307   +0.205   -0.013   -0.860   +0.187   +0.778   -1.521   +0.045
    -0.190   -1.437   -0.217   +0.832   -0.301   +1.083   -0.147   -0.989
    +0.317   -0.404   +1.543   +2.524   +2.500   +0.692   -1.721   +0.991
    -1.199   -1.788   +0.242   +0.220   +0.706   +0.186   +5.277   +1.274
token ' you' label (strength 13.2):
    +0.836   -1.022   +0.549   -0.433   +0.486   +1.021   -0.896   +0.677
    +0.132   -2.807   +1.473   -0.728   -0.731   +1.729   -0.335   -0.749
    -0.886   +0.149   +0.978   +0.717   +1.141   +2.579   -1.212   -1.122
    +1.520   +1.109   +0.047   -0.232   +2.228   -1.320   +2.738   +3.141
    +0.213   -0.087   -0.161   -1.045   +0.685   +1.374   -1.439   +0.385
    -0.920   -1.601   -1.042   +0.115   +1.138   +0.545   +0.321   -2.589
    +1.978   +1.431   +1.492   +3.209   +1.183   +1.928   -2.607   +1.497
    -0.239   -2.022   +0.315   +3.434   -3.183   -3.543   +4.827   +0.861


############ STATION 17 ############

--- station 17 · cabinet A (serves heads 0-6) ---
token 'how' label (strength 3.1):
    +0.002   -0.003   -0.005   +0.002   -0.004   -0.000   -0.003   -0.002
    +0.006   +0.013   +0.006   -0.026   -0.009   -0.017   +0.010   +0.033
    +0.039   +0.005   -0.019   -0.037   +0.012   +0.064   -0.078   -0.020
    -0.134   -0.001   -0.061   +0.201   -0.069   -0.315   -0.050   +0.263
    -0.012   +0.003   +0.007   +0.007   -0.013   +0.003   +0.001   +0.004
    +0.026   -0.014   -0.020   +0.020   -0.035   -0.011   -0.009   +0.010
    +0.040   +0.011   -0.008   +0.003   -0.026   +0.049   -0.248   -0.184
    +0.013   -0.087   -0.082   +0.154   -0.109   -0.137   +0.426   -2.984
token ' are' label (strength 13.3):
    -0.005   -0.244   -1.088   -0.649   +1.423   -1.044   -0.095   -1.677
    +0.515   +2.238   +0.025   -0.747   -0.341   +1.454   -0.266   +3.337
    -2.041   +1.057   -2.935   +1.353   -1.397   +1.533   -1.797   -0.739
    +0.859   +1.009   +1.323   +0.268   +2.852   -0.471   +1.285   +0.120
    -0.127   -0.022   -0.372   +0.506   -0.120   -1.124   +0.768   -1.669
    +0.746   +1.245   -1.431   +0.027   -2.794   -1.657   -0.674   -0.208
    +0.621   +0.003   +2.717   -3.422   +1.461   +1.235   +3.852   +1.494
    +2.522   -1.533   -0.422   -0.954   -6.068   +0.148   +1.068   +1.956
token ' you' label (strength 16.8):
    +0.504   -0.641   -0.910   -1.002   +1.534   -1.863   -0.479   -2.219
    -0.185   +2.398   +0.618   -0.460   +0.320   +1.622   +0.149   +3.486
    -1.554   +2.687   -3.991   +2.720   -1.736   +1.886   -3.275   -0.451
    +0.652   +1.446   +3.443   +1.815   +1.727   +0.049   +0.576   -1.348
    -0.373   -0.116   -0.819   +0.847   -0.026   -0.892   +1.131   -2.002
    +1.378   +1.075   -1.784   +0.442   -2.914   -2.930   +0.300   -0.765
    +0.983   -0.028   +2.495   -2.571   +0.439   +1.558   +3.973   +3.739
    +1.313   -1.179   -0.348   -5.560   -6.131   +3.609   -0.625   +3.569

--- station 17 · cabinet B (serves heads 7-13) ---
token 'how' label (strength 3.2):
    -0.003   -0.011   +0.007   +0.002   -0.003   -0.003   +0.007   -0.011
    +0.004   -0.009   +0.018   -0.004   +0.013   +0.017   -0.012   +0.009
    +0.011   -0.014   -0.009   +0.003   +0.025   -0.043   +0.031   -0.042
    +0.026   -0.043   -0.185   -0.167   +0.033   +0.323   -3.042   -0.106
    +0.001   +0.011   -0.002   -0.002   -0.009   -0.000   -0.000   -0.005
    +0.000   +0.001   +0.003   +0.006   +0.004   -0.013   +0.024   +0.006
    -0.004   +0.015   -0.020   +0.018   -0.020   +0.035   -0.146   +0.082
    +0.087   +0.034   -0.059   -0.121   -0.241   +0.394   +0.209   -0.795
token ' are' label (strength 13.9):
    -1.072   +0.109   +1.581   +0.708   -0.036   +1.365   -1.629   +0.181
    -1.658   -0.191   +0.500   -1.010   +0.304   +3.072   -1.321   +0.684
    +0.434   -1.747   -0.801   -0.675   -0.816   +1.300   -3.073   +0.886
    +1.753   -0.483   -1.021   +0.131   -5.390   +1.074   +3.944   +1.983
    +0.685   -0.813   -0.547   +1.554   -0.464   -0.066   +1.299   -1.237
    +1.494   -0.112   +3.096   -2.674   +1.468   +0.727   -2.146   +2.138
    -0.762   -0.401   -1.718   +2.537   -2.653   +0.874   +3.617   +3.288
    +0.085   +1.573   -0.992   +0.536   -3.395   +0.616   +1.359   -0.387
token ' you' label (strength 17.0):
    -1.564   -0.615   +1.780   +0.568   -1.025   +2.143   -1.635   +0.294
    -1.210   -0.225   +0.727   -1.856   -0.724   +2.391   -0.093   -0.021
    -1.159   -1.513   -0.971   -1.622   -1.282   +1.290   -3.733   +2.251
    -0.257   -0.790   -1.059   +3.883   -6.100   +1.600   +5.251   +1.437
    +0.303   -0.526   -0.659   +1.168   -0.669   +0.233   +1.074   -1.904
    +2.283   -1.076   +3.224   -2.766   +2.717   +1.711   -1.720   +3.032
    +0.293   +0.139   -1.479   +3.167   -4.190   +1.284   +3.961   +3.664
    +0.166   +1.450   -1.767   +1.405   -3.184   -1.498   +3.315   -0.026


############ STATION 18 ############

--- station 18 · cabinet A (serves heads 0-6) ---
token 'how' label (strength 0.8):
    +0.015   -0.002   -0.024   -0.003   +0.008   -0.001   -0.015   +0.011
    +0.003   +0.010   +0.008   +0.021   +0.004   +0.010   +0.025   +0.005
    +0.030   -0.023   +0.037   -0.028   +0.009   -0.111   +0.163   -0.122
    -0.018   +0.282   +0.150   +0.014   -0.025   +0.125   +0.528   -0.033
    -0.009   -0.005   -0.000   -0.005   +0.007   -0.002   +0.005   -0.011
    +0.004   -0.016   -0.003   +0.026   +0.014   +0.008   +0.003   -0.003
    +0.009   +0.060   +0.031   -0.017   -0.000   -0.186   +0.034   -0.060
    -0.050   +0.300   -0.022   +0.018   +0.182   +0.108   +0.087   +0.181
token ' are' label (strength 12.7):
    +0.380   -0.142   -0.592   -0.297   +0.359   +0.353   -0.528   +0.703
    -0.614   +0.540   -0.606   -1.989   -0.252   +0.519   -2.793   +0.078
    -2.784   +1.027   -0.065   +0.005   +0.295   +0.178   -0.664   +0.393
    -1.197   -0.632   +0.970   +2.015   -0.250   +1.770   -2.117   +0.761
    +0.006   -0.085   +0.540   -0.622   +0.528   +0.070   +0.746   -1.522
    +0.711   -0.252   +1.179   +0.830   +0.545   +1.109   -1.094   -1.225
    +0.366   +2.611   -1.981   +0.355   +0.589   +2.194   +0.689   -0.561
    -2.007   -6.647   -3.787   -0.999   +0.702   -2.773   -4.758   +0.886
token ' you' label (strength 13.3):
    +0.415   -0.294   -0.555   -0.448   +0.865   +0.609   -1.053   +1.136
    -1.321   -0.018   -0.652   -1.657   -0.162   +0.474   -2.534   -0.293
    -2.271   +0.555   -0.947   -1.137   +1.675   +0.474   -0.314   +0.841
    -2.254   -0.624   +0.404   +0.850   +0.279   +0.258   -2.443   +1.162
    +0.263   -0.621   +0.743   +0.224   +1.156   -0.066   +1.405   -0.623
    +1.213   -1.024   +1.464   +0.265   +1.289   +0.409   -1.573   -0.378
    -0.391   +0.754   -2.184   +0.358   -0.908   +1.988   +0.398   +0.909
    -0.847   -7.560   -4.362   -1.227   +0.503   -1.748   -5.412   +0.569

--- station 18 · cabinet B (serves heads 7-13) ---
token 'how' label (strength 0.6):
    +0.007   -0.006   +0.011   +0.006   +0.002   +0.008   +0.006   -0.007
    +0.004   +0.002   -0.000   -0.018   +0.013   +0.010   +0.008   +0.005
    +0.016   -0.012   -0.018   +0.008   +0.013   -0.069   -0.009   +0.042
    -0.053   -0.059   +0.075   +0.005   +0.249   -0.005   +0.042   +0.023
    -0.002   -0.003   -0.002   +0.018   -0.004   +0.012   +0.014   +0.005
    -0.005   +0.008   -0.027   +0.009   +0.003   +0.011   +0.005   +0.002
    -0.021   +0.004   -0.001   +0.019   -0.032   -0.016   +0.027   +0.011
    -0.041   +0.040   +0.036   +0.063   -0.415   -0.038   -0.067   +0.188
token ' are' label (strength 14.4):
    +0.153   -1.140   +0.338   -2.099   +0.827   +1.440   -2.465   +1.798
    +2.589   +0.411   +2.166   -1.160   +1.391   +0.891   -1.251   -0.627
    +0.340   -0.141   -0.215   -0.102   +2.103   -0.562   +0.467   +0.968
    -1.698   +1.506   -1.475   +0.841   -6.391   +3.423   +0.754   +1.977
    -0.800   +1.072   -1.286   +1.292   -0.046   -1.201   +2.160   -1.791
    -1.825   -0.579   +0.346   -2.999   +2.412   +2.927   +0.913   -3.237
    -1.393   +0.020   -2.549   +0.827   -0.131   +2.564   +1.779   +1.016
    +1.595   -2.006   -2.411   +0.627   +2.941   -1.175   -2.258   +0.157
token ' you' label (strength 14.9):
    +0.585   -1.371   +0.046   -2.386   +0.761   +2.099   -1.894   +1.585
    +2.532   +0.745   +0.930   -2.419   +0.997   +2.186   +0.188   -0.050
    +0.244   -0.911   +0.523   +0.809   +2.379   -0.060   +0.973   -0.541
    -0.657   +0.373   -2.284   +1.528   -6.507   +2.166   +0.458   +2.361
    -1.171   +0.751   -1.399   +1.874   -0.776   -1.752   +2.007   -0.389
    -2.909   -0.348   +1.282   -2.747   +0.772   +2.554   +1.040   -3.608
    -1.235   +2.597   -1.465   +0.955   +0.496   +3.826   +0.168   +0.992
    +1.976   -3.270   -2.302   +0.033   +2.999   -0.832   -1.160   -0.426


############ STATION 19 ############

--- station 19 · cabinet A (serves heads 0-6) ---
token 'how' label (strength 0.5):
    -0.010   +0.000   +0.018   -0.006   +0.004   +0.003   +0.002   -0.011
    -0.021   +0.006   -0.001   -0.000   +0.015   -0.008   +0.024   +0.002
    +0.020   -0.005   +0.019   +0.015   -0.037   +0.007   -0.077   -0.197
    +0.079   -0.045   -0.071   -0.109   +0.164   +0.023   +0.023   +0.088
    +0.012   -0.003   +0.008   +0.002   +0.004   +0.004   +0.015   -0.002
    +0.023   -0.006   -0.003   +0.000   +0.010   -0.014   -0.006   -0.008
    +0.020   +0.033   -0.015   -0.017   +0.020   +0.021   +0.027   -0.038
    +0.049   +0.106   -0.023   -0.006   -0.206   +0.059   +0.109   -0.165
token ' are' label (strength 12.6):
    +0.915   +1.463   +1.670   +0.230   +0.098   +2.665   -0.846   -3.505
    -0.920   +0.844   -1.147   -3.797   +0.025   +0.500   +1.416   -1.429
    +2.245   +1.014   -1.484   -1.315   -0.851   -0.807   +0.213   +1.205
    -0.298   +0.425   +1.553   +2.292   -5.446   +1.039   +0.180   -0.923
    +1.507   +0.498   -0.309   +2.437   +0.041   -0.425   +0.341   +0.426
    -0.674   +1.976   -0.502   +0.387   -0.484   +2.447   -1.474   -0.805
    -0.729   +0.473   +1.306   -1.028   -1.759   -0.799   -2.028   +0.281
    -0.748   +0.294   +0.497   +1.476   +2.764   -3.349   +1.502   -0.279
token ' you' label (strength 13.1):
    +0.834   +1.564   +1.013   +0.184   -0.521   +3.187   -1.277   -3.082
    +0.304   +0.146   -0.689   -3.472   -0.015   +0.807   +1.097   -0.238
    +0.843   +0.704   -0.671   -0.314   -0.165   -0.067   -0.343   +1.218
    -0.021   +0.903   +1.505   +1.501   -5.650   +1.903   -0.499   -1.037
    +2.242   +1.570   -0.379   +1.969   -1.827   -1.195   +0.509   +0.744
    +0.886   +2.361   +0.557   +0.659   +0.437   +2.731   +0.458   -1.581
    -0.885   +0.097   +1.080   -1.961   -1.385   +0.402   -2.909   +2.102
    +0.698   +0.262   +1.578   +3.137   +2.934   -3.110   -0.126   -0.505

--- station 19 · cabinet B (serves heads 7-13) ---
token 'how' label (strength 1.7):
    -0.002   +0.003   +0.006   -0.001   +0.004   -0.002   -0.007   +0.004
    -0.010   +0.004   +0.010   -0.014   -0.010   -0.015   +0.017   +0.004
    -0.012   +0.039   +0.003   +0.026   +0.012   -0.005   -0.018   -0.062
    -0.028   +0.443   +0.036   -0.005   -0.039   -0.053   -0.039   -0.121
    +0.003   -0.020   +0.007   +0.015   +0.018   -0.010   +0.001   -0.003
    -0.006   +0.010   -0.018   +0.011   -0.012   -0.024   -0.006   -0.014
    -0.013   -0.028   +0.022   -0.019   -0.002   +0.046   +0.023   -0.034
    -0.010   +0.106   +0.004   -0.077   -0.072   +0.088   +0.175   +1.569
token ' are' label (strength 14.5):
    +0.323   -0.792   -0.114   -1.122   -1.350   -2.153   -1.145   -0.346
    -1.423   -1.165   -0.140   +1.267   -1.925   +1.399   -3.062   -0.898
    +2.397   +1.643   -0.624   -2.065   -1.041   -0.559   +1.634   -0.241
    -1.782   -1.565   +0.031   +0.668   -1.226   +0.929   -0.857   +5.271
    +0.855   -0.657   +1.918   +1.035   +1.143   +0.995   +1.161   +1.143
    -2.921   +0.832   +1.554   -0.041   -3.724   -1.821   +0.783   -1.777
    -1.130   -1.038   +0.925   +0.602   +0.410   -1.780   -0.989   -0.788
    -0.170   -7.709   +0.477   +0.041   +1.994   -0.348   +2.473   -1.673
token ' you' label (strength 15.2):
    -0.056   -0.454   +0.059   -1.262   +0.872   -2.256   -0.928   -0.910
    -1.380   -0.164   +0.173   +2.160   -0.800   -1.220   -2.429   +0.306
    +1.229   +0.632   -0.619   -2.120   -1.300   -0.399   +0.546   +0.039
    -0.944   -1.133   +1.146   +2.428   -1.147   +0.565   -0.565   +4.233
    +1.620   -1.061   +1.793   +1.480   +2.587   -0.309   +1.151   +2.718
    -2.869   +0.754   +1.699   -1.763   -3.639   -0.172   +0.948   -0.556
    -1.675   -0.925   -1.551   +0.239   +0.395   -0.748   -1.995   +0.271
    +2.092   -8.641   +0.834   -0.074   +4.286   -1.188   +0.486   -2.288


############ STATION 20 ############

--- station 20 · cabinet A (serves heads 0-6) ---
token 'how' label (strength 0.9):
    +0.001   +0.011   +0.005   -0.012   -0.003   -0.019   +0.027   -0.009
    +0.019   -0.004   +0.010   +0.007   -0.012   -0.016   +0.023   +0.007
    -0.006   +0.009   -0.010   +0.027   +0.043   +0.053   -0.146   -0.045
    -0.049   -0.037   +0.030   -0.385   -0.151   -0.072   -0.475   +0.244
    -0.006   +0.008   -0.006   +0.005   +0.010   +0.010   +0.012   +0.018
    +0.015   +0.009   +0.015   -0.003   -0.010   -0.001   +0.005   -0.005
    -0.041   -0.016   -0.038   +0.062   +0.041   -0.080   +0.006   +0.122
    +0.214   +0.032   +0.093   -0.243   -0.150   -0.139   -0.015   +0.194
token ' are' label (strength 13.2):
    -0.836   +1.601   +2.178   +0.063   -0.528   -1.912   -2.068   +0.019
    -1.547   +0.995   +2.966   -0.983   -0.824   +2.384   +1.205   -0.666
    -1.431   -1.451   +1.736   -0.888   +0.068   +0.012   +0.988   +0.310
    -0.191   -2.035   +1.976   +2.407   -0.847   -0.920   +0.242   +2.467
    -2.126   +1.730   +1.332   +2.903   -0.740   +1.456   -0.203   -1.454
    +1.174   +0.923   -2.296   +0.614   -0.290   +2.239   +0.832   -1.265
    -1.743   +0.796   +0.736   -0.934   +0.707   +0.510   +2.258   -0.678
    -0.186   -0.420   +0.391   +6.888   +1.682   -0.293   +2.408   +1.143
token ' you' label (strength 14.5):
    -0.978   +1.865   +2.766   +0.414   -1.245   -2.446   -1.381   -0.726
    -2.992   +0.771   +1.967   -0.314   -0.558   +3.689   +0.473   +0.721
    +0.494   -0.226   -0.726   -0.838   +0.477   -0.274   -0.202   +0.392
    -1.482   -0.852   +0.910   +2.858   +0.195   -2.696   +1.157   +3.279
    -1.650   +1.397   +1.048   +1.582   -2.051   +1.900   -0.591   -1.454
    +1.493   +1.905   -1.775   +1.728   +0.671   +2.665   +1.071   -2.310
    -0.567   +0.691   +0.758   -0.190   -0.782   +0.402   +2.431   +0.787
    -1.094   +0.001   -0.318   +7.655   +0.723   -0.324   +3.608   +0.156

--- station 20 · cabinet B (serves heads 7-13) ---
token 'how' label (strength 1.0):
    +0.008   +0.010   +0.014   +0.007   +0.001   +0.011   -0.000   -0.002
    -0.003   -0.002   -0.001   -0.011   +0.014   +0.003   +0.004   +0.011
    +0.009   -0.009   +0.005   -0.027   -0.047   +0.122   +0.113   +0.061
    -0.151   -0.262   -0.129   -0.222   -0.067   -0.027   -0.596   -0.103
    -0.010   +0.004   +0.000   +0.000   -0.002   +0.003   -0.014   +0.000
    -0.021   -0.008   -0.012   -0.009   +0.006   +0.010   +0.007   -0.000
    +0.014   +0.002   -0.000   -0.034   +0.004   -0.032   +0.049   -0.074
    +0.016   -0.038   -0.079   +0.586   -0.124   +0.278   +0.003   +0.006
token ' are' label (strength 13.6):
    +0.157   +1.548   +0.944   +0.969   +0.512   +0.939   +2.197   +1.316
    -0.456   +1.018   +0.598   -0.937   -2.026   -1.128   -0.412   +0.914
    -1.014   +0.077   +2.982   +1.862   -1.366   +0.026   +1.050   -0.551
    +0.541   +2.041   -0.255   +7.180   -0.315   -0.648   +0.091   +1.135
    -1.501   -0.702   +1.854   -0.403   +1.864   +0.005   -0.814   +2.312
    +0.275   +2.832   +1.245   -1.726   +2.395   +1.761   -2.574   -0.773
    -2.016   +0.586   -2.157   -3.190   +0.101   +0.925   -0.092   +0.663
    +1.299   +0.056   +1.533   -2.425   -1.536   -1.055   +1.566   +3.047
token ' you' label (strength 16.5):
    -0.316   +2.270   +0.377   +0.992   +0.279   +1.949   +0.961   +1.347
    +0.974   +2.357   -0.668   -0.905   -3.992   +0.576   -0.438   -0.825
    -0.341   +1.018   +3.124   +1.064   -0.529   +0.874   +0.357   -0.879
    +0.483   +0.538   +0.075   +9.491   -1.804   -1.024   -0.380   +0.079
    -2.433   -1.033   +3.154   -1.497   +3.499   -1.290   -0.546   +3.724
    -0.454   +3.326   +1.067   -2.573   +2.362   +1.033   -2.442   -1.619
    -0.824   -0.209   -1.620   -1.293   +1.404   +1.813   -1.326   +1.776
    +0.701   +0.067   +3.209   -3.190   +2.268   -0.436   +1.342   +1.266


############ STATION 21 ############

--- station 21 · cabinet A (serves heads 0-6) ---
token 'how' label (strength 1.2):
    +0.002   -0.008   +0.002   +0.002   -0.000   +0.015   +0.012   +0.002
    +0.002   +0.004   -0.000   +0.002   -0.012   -0.005   -0.027   +0.015
    -0.013   -0.010   -0.049   -0.013   +0.059   -0.078   +0.104   +0.071
    +0.098   +0.076   -0.307   -0.091   -0.127   +0.393   +0.829   +0.451
    +0.004   +0.012   -0.002   +0.006   -0.000   -0.011   -0.010   -0.015
    -0.009   +0.017   +0.014   -0.011   +0.011   +0.011   +0.018   +0.022
    +0.028   +0.018   +0.054   +0.029   +0.092   +0.001   +0.066   -0.110
    -0.115   +0.051   -0.232   -0.075   -0.092   -0.084   -0.340   +0.168
token ' are' label (strength 13.0):
    +0.014   +0.455   +0.210   -0.129   +0.008   +0.054   +0.924   +0.940
    +1.696   -0.466   -0.031   -1.190   -1.287   -2.440   +0.051   -0.789
    -2.077   +1.064   -0.422   -2.459   -0.307   +0.459   -1.040   +1.750
    +0.175   +0.929   +2.566   +2.211   -1.759   -2.997   +0.391   -0.832
    +0.638   +0.664   -0.150   +1.413   -0.113   +0.101   -1.046   -0.946
    +0.908   -0.022   -0.802   +1.275   +0.010   -1.648   -0.273   +0.955
    +0.329   -1.272   +2.131   +0.551   -0.289   +0.284   -1.264   -0.197
    -0.384   +0.083   +9.440   +0.464   -0.284   -1.498   -0.773   -0.121
token ' you' label (strength 12.4):
    -0.025   +0.094   +0.483   +0.169   -0.259   +0.587   +0.499   +0.113
    +2.135   -0.874   -0.704   -0.686   -1.242   -2.376   +0.281   +0.241
    -1.814   +0.389   -0.840   -2.365   -0.924   +1.464   +0.853   +2.369
    -0.404   -0.684   +2.273   +3.300   -3.538   -2.602   -0.833   -2.027
    +0.029   +0.201   -0.514   +1.015   -0.119   -1.104   -1.057   -0.536
    +0.348   -0.461   -0.722   +1.218   +0.442   -1.437   -0.432   +0.168
    -0.206   -0.951   +2.307   +0.297   -0.115   -1.666   -1.186   +1.193
    +0.438   +1.076   +7.184   -0.241   +0.636   -2.007   -0.726   +0.113

--- station 21 · cabinet B (serves heads 7-13) ---
token 'how' label (strength 2.0):
    -0.003   -0.007   -0.004   -0.003   +0.013   -0.015   -0.008   +0.002
    -0.019   +0.009   +0.003   +0.014   -0.012   +0.003   +0.004   -0.025
    -0.053   +0.026   +0.030   -0.024   -0.066   -0.071   +0.034   -0.143
    -0.091   -0.062   +0.058   +0.024   -0.196   +0.147   -0.428   +1.829
    -0.006   -0.001   -0.005   -0.005   +0.002   +0.002   +0.004   +0.002
    +0.006   +0.005   -0.014   +0.013   +0.017   -0.020   -0.015   +0.003
    +0.043   -0.041   -0.015   +0.059   +0.035   -0.028   +0.018   +0.167
    +0.265   +0.015   +0.127   +0.200   -0.107   +0.120   -0.190   -0.435
token ' are' label (strength 12.5):
    -0.576   +0.453   -0.663   -1.025   +0.148   -1.018   -0.448   -1.188
    -0.373   -0.556   +1.780   -0.055   -1.012   +0.237   -0.639   +2.192
    +1.087   +1.530   -1.441   -0.802   +2.404   +2.611   +0.023   +1.494
    +2.615   +0.269   +1.219   +2.033   -2.284   -0.485   -1.460   -3.954
    -0.278   -1.102   +0.655   +0.014   +0.687   -1.196   -0.153   +0.947
    +0.005   +0.768   +0.726   +0.361   -0.894   -0.541   -0.042   -2.212
    -0.258   +0.114   +2.351   -1.232   +1.752   -1.173   +0.577   -0.561
    +0.518   -1.951   -0.970   +2.063   +0.594   -4.276   +1.113   -5.710
token ' you' label (strength 13.8):
    -0.698   +0.120   -0.824   -0.763   -0.880   -1.177   +0.375   -1.030
    -0.350   -1.947   +0.737   -0.521   -1.529   +0.729   -0.527   +2.418
    +1.015   +2.318   -1.385   -1.006   +0.817   +2.494   -0.836   +2.480
    +1.449   +1.345   +0.905   +3.158   -4.603   -0.629   -1.081   -4.169
    -0.477   -0.733   +0.714   +0.605   +1.167   -0.666   -0.312   +1.099
    -0.429   +0.621   +1.078   +0.205   -0.918   -0.397   -0.383   -1.204
    -0.579   -0.552   +0.825   -2.338   +2.020   -1.423   -0.970   +1.210
    -0.142   -1.691   -0.766   +2.334   -0.354   -4.020   +1.226   -6.439


############ STATION 22 ############

--- station 22 · cabinet A (serves heads 0-6) ---
token 'how' label (strength 1.6):
    +0.008   +0.004   -0.003   -0.002   -0.002   +0.010   +0.006   +0.012
    -0.006   +0.008   -0.003   -0.017   -0.006   -0.042   +0.007   -0.051
    -0.007   -0.016   -0.008   -0.039   +0.032   -0.024   -0.103   -0.050
    -0.117   -0.192   -0.020   -0.040   -0.254   -1.241   +0.564   -0.126
    +0.002   +0.001   -0.002   +0.000   +0.004   -0.002   +0.001   +0.006
    +0.007   +0.013   +0.016   +0.015   -0.009   -0.026   -0.007   +0.033
    +0.010   +0.011   -0.113   +0.045   -0.011   -0.185   +0.019   +0.118
    -0.039   +0.247   -0.053   -0.069   +0.086   +0.252   -0.408   +0.474
token ' are' label (strength 9.6):
    +0.188   -0.260   -0.276   +0.097   -0.223   -0.514   +0.194   +0.453
    -0.174   +0.321   -0.812   -0.245   +0.208   +0.189   -0.249   -0.243
    -1.042   +1.194   -1.486   +1.527   +1.928   +1.100   -0.274   +2.519
    -1.451   +1.799   +0.602   -0.559   +0.294   +2.183   -0.834   +0.974
    +0.152   +0.001   +0.166   -0.068   -0.149   -0.110   +0.159   +0.087
    +0.088   +0.648   +0.032   -0.404   +0.464   -0.253   -0.379   +0.072
    +0.271   +0.046   -1.266   +1.246   +1.341   +0.965   +1.280   -1.425
    +1.060   +0.460   -0.250   +0.098   -0.641   +6.232   -2.033   -1.798
token ' you' label (strength 12.3):
    +0.148   +0.118   +0.211   -0.370   +0.109   -0.025   -0.161   +0.686
    -0.456   -0.007   -0.217   -0.694   +0.522   +0.202   -0.377   -0.390
    -1.153   +0.999   -0.651   +1.135   +1.478   +2.323   -1.062   +2.533
    -2.134   +2.559   -0.140   -1.059   -0.877   +2.643   -1.782   +1.241
    +0.123   +0.405   -0.254   +0.372   -0.191   -0.451   +0.080   +0.507
    -0.096   +0.873   +0.063   -0.226   +0.412   -0.964   -0.382   +0.250
    +0.689   -0.164   -1.868   +0.664   +1.504   +3.491   +0.949   -1.681
    +0.896   +0.614   -0.955   -0.393   -0.243   +8.338   -2.628   -1.448

--- station 22 · cabinet B (serves heads 7-13) ---
token 'how' label (strength 1.8):
    -0.003   +0.001   -0.002   +0.002   +0.001   +0.007   -0.017   -0.001
    -0.001   -0.007   -0.016   -0.010   +0.004   +0.007   +0.003   +0.020
    +0.035   +0.020   -0.037   +0.011   -0.048   -0.030   -0.027   +0.040
    -0.080   +0.121   -0.136   -0.083   +0.166   -0.034   +1.517   -0.644
    +0.002   +0.003   -0.003   -0.003   -0.009   -0.002   +0.004   +0.009
    +0.011   +0.011   +0.002   +0.008   -0.005   +0.006   -0.009   +0.033
    +0.002   -0.009   +0.036   +0.057   +0.002   -0.094   -0.056   +0.023
    -0.121   +0.149   -0.012   -0.054   +0.256   +0.171   -0.350   +0.322
token ' are' label (strength 10.5):
    +0.142   -1.153   -0.418   +0.225   -0.265   +0.302   -0.923   -0.881
    +0.318   -0.528   -1.822   -1.016   -0.634   -2.538   -0.938   +0.405
    -1.844   +1.404   +0.754   -0.376   -1.849   -2.659   -1.674   +1.461
    -2.227   +0.893   -0.813   +0.363   +1.687   +0.027   -3.009   +0.635
    +1.397   +0.560   +0.167   -1.409   -0.264   -0.352   +0.701   +0.188
    +0.813   -0.130   -0.293   -0.160   +0.251   +0.518   +0.223   -0.884
    +0.927   +0.870   +1.396   +1.160   -1.685   +0.587   +0.991   -0.620
    -0.175   -1.019   +2.842   -0.425   -0.668   -0.796   -4.719   +2.159
token ' you' label (strength 13.3):
    +0.137   -1.238   -0.672   +0.120   -1.120   +0.293   -1.124   -1.177
    +0.327   -1.433   -2.167   -0.875   -1.260   -2.155   -0.485   +0.445
    -1.549   +2.299   +0.147   +0.218   -2.205   -3.756   -1.876   +1.638
    -3.037   +1.564   -0.277   +0.128   +2.462   +0.371   -3.583   +1.375
    +2.026   +0.902   +0.571   -1.030   +1.166   -0.014   +0.173   +0.906
    +1.046   -0.372   -0.520   +0.102   -0.145   +0.873   -0.518   -0.657
    +0.803   +1.007   +1.848   +1.051   -1.553   +0.076   +0.148   -1.028
    -0.346   -1.414   +3.452   -2.113   -0.197   -1.538   -6.871   +1.362


############ STATION 23 ############

--- station 23 · cabinet A (serves heads 0-6) ---
token 'how' label (strength 13.9):
    +0.031   -0.023   +0.046   +0.304   -0.312   -0.135   +0.253   -0.193
    -0.439   +0.385   -0.307   +1.378   -2.383   -1.223   -1.174   +2.067
    -3.129   -0.467   +0.630   +0.144   +0.716   -1.542   -0.435   +1.775
    -2.416   +0.264   -2.297   -4.049   -3.916   -3.014   -0.782   +0.405
    -0.211   -0.240   +0.013   +0.098   -0.327   +0.320   -0.784   -0.389
    +0.610   +0.112   +1.341   -0.013   +0.582   +1.177   -0.446   -1.165
    -0.384   +1.155   -3.143   +0.137   +0.074   +0.309   +3.158   -3.593
    -1.649   -0.525   +2.145   -4.592   -1.868   +5.188   +0.404   -2.854
token ' are' label (strength 13.5):
    -0.179   +0.102   -0.185   -0.129   +0.159   -0.137   -0.153   -0.233
    +0.045   +0.087   -0.027   +0.224   +0.122   -0.588   -0.429   +0.723
    -0.514   +0.503   +0.914   -1.312   -0.437   -1.981   -1.898   +3.153
    -1.014   +1.489   -2.659   -2.639   -2.535   -4.505   -1.714   +1.723
    +0.046   +0.033   +0.366   -0.028   -0.035   +0.412   -0.115   +0.050
    +0.663   +0.195   +0.420   +0.011   +0.241   +0.417   +0.262   -0.114
    +0.563   +0.299   -1.192   -0.250   +0.325   -1.027   +0.273   -1.702
    -0.776   -0.912   +0.356   -6.025   -1.180   +7.191   +1.476   -2.918
token ' you' label (strength 14.6):
    +0.127   +0.147   +0.042   -0.176   -0.233   -0.223   -0.351   -0.256
    -0.265   +0.063   -0.142   +0.543   +0.026   -0.678   -0.134   +0.596
    -0.621   +0.757   +1.314   -1.412   -0.068   -3.049   -2.328   +3.964
    -1.583   +1.330   -2.254   -4.306   -1.960   -3.272   -1.356   +1.219
    -0.140   +0.077   -0.103   +0.006   -0.066   -0.119   -0.476   +0.142
    +1.037   +0.283   +0.360   -0.011   +0.393   +0.785   +0.150   -0.864
    +0.619   +0.024   +0.052   -0.408   +0.662   -2.077   +1.173   -2.017
    -1.088   -0.845   +1.219   -5.335   +0.088   +8.135   +2.312   -3.630

--- station 23 · cabinet B (serves heads 7-13) ---
token 'how' label (strength 13.7):
    +0.102   +0.116   -0.205   +0.091   +0.012   -0.186   -0.255   +0.101
    +0.836   +0.298   +0.213   -0.485   +0.778   +1.364   -0.794   +2.478
    -1.863   +0.890   -0.909   +0.382   -3.143   +1.548   +0.140   -0.691
    +0.405   -1.189   +1.478   +2.266   -4.358   +0.117   -0.151   +0.439
    +0.107   -0.173   -0.242   +0.194   +0.349   +0.185   +0.090   +0.827
    -0.729   +0.538   -0.094   -0.315   -0.596   -0.597   -2.180   +0.119
    -0.782   -3.612   -1.508   -0.072   +0.930   -0.818   -3.157   +3.197
    +4.766   -1.916   +2.978   -1.801   -3.769   -3.446   +4.167   +1.989
token ' are' label (strength 12.1):
    +0.220   -0.010   -0.185   +0.288   +0.299   +0.044   -0.455   +0.593
    +0.237   +0.826   +0.191   -0.825   -0.113   +0.665   -1.338   +1.256
    +0.106   -0.368   -0.590   +0.068   -2.766   +1.235   +1.539   -3.069
    -0.593   +0.823   +0.464   +2.104   -5.495   +1.760   -2.138   +1.206
    +0.006   -0.198   -0.098   -0.028   +0.302   -0.043   +0.049   +0.023
    -0.243   -0.011   -0.366   +0.017   +0.392   +0.158   +0.203   +0.205
    -0.124   -1.289   -0.907   -0.128   -0.291   +0.107   -1.347   +0.662
    +2.683   -3.055   +2.652   -0.170   -5.811   -2.373   +2.016   +1.252
token ' you' label (strength 13.4):
    -0.107   +0.251   +0.127   +0.052   +0.069   +0.089   -0.489   +0.310
    +0.087   +0.633   -0.001   -0.872   -0.035   +1.074   -0.956   +1.238
    +0.136   -0.498   +0.485   -0.201   -2.967   +0.558   +3.500   -2.898
    -0.766   -0.100   +1.218   +3.246   -7.536   +0.644   -1.898   +0.592
    -0.130   +0.104   -0.246   +0.360   +0.636   +0.409   -0.204   +0.033
    -0.542   +0.130   -0.164   -0.087   -0.426   +0.437   +0.317   -0.101
    +0.436   -1.103   -1.746   -0.013   +0.175   +0.655   -1.201   +1.324
    +4.100   -3.423   +2.834   +0.029   -4.213   -2.204   +1.291   +0.529


############ STATION 24 ############

--- station 24 · cabinet A (serves heads 0-6) ---
token 'how' label (strength 17.2):
    -1.073   -0.126   +1.446   -0.751   -1.653   -0.431   +0.712   +0.226
    -1.437   -1.038   -0.826   +1.801   -0.538   +2.119   +2.241   +1.527
    -1.664   +1.819   +0.618   -0.226   -0.090   -0.077   -2.108   +2.117
    +1.533   +2.739   -3.566   +0.697   +1.203   -3.931   +6.100   -5.081
    +0.534   +0.250   -0.189   -0.593   +0.855   -1.407   +1.811   +0.528
    -0.282   -1.653   -1.302   +1.091   +0.162   -0.651   +0.549   -1.420
    +2.408   +1.192   -1.490   -1.780   -1.410   -2.209   +1.988   +3.104
    -1.216   +1.963   +1.098   -5.986   -0.640   -2.954   -5.222   -4.986
token ' are' label (strength 16.1):
    -0.777   -0.327   +0.819   -0.197   -0.216   +0.519   +0.355   +0.037
    -0.456   -1.102   -0.388   +0.557   -0.402   +0.475   +0.914   +1.063
    -0.264   +0.348   +1.286   +1.227   +0.259   +0.233   -3.761   +1.798
    +0.747   +0.924   -2.369   +3.324   +1.192   -4.149   +6.473   -5.277
    +0.294   -0.655   +0.527   -0.108   +0.300   -0.359   +0.494   +0.812
    -0.103   -0.543   +0.092   +0.642   +0.191   -0.349   -0.318   +0.210
    +0.442   -0.100   +0.077   -0.463   +0.462   -1.214   +2.265   +3.008
    -0.313   +1.375   -0.303   -4.724   -0.405   -6.073   -2.612   -6.125
token ' you' label (strength 17.2):
    -1.295   -0.734   +1.169   +0.148   -0.187   +0.068   +0.698   -0.429
    -0.861   -0.829   -0.751   +0.667   -0.100   +1.212   +1.161   +1.163
    -0.081   -0.187   +2.208   +2.645   -0.001   +0.504   -4.123   +1.290
    +0.608   +1.275   -3.274   +2.833   +1.365   -4.870   +6.944   -6.259
    +0.516   -0.578   +0.003   -0.111   +0.727   +0.423   +1.034   -0.591
    -0.373   -1.227   -0.540   +0.176   +0.504   -1.009   +0.326   -0.819
    +0.653   -0.482   +0.429   +0.640   +0.957   -1.703   +2.839   +3.372
    -1.245   +1.335   +0.951   -5.593   -0.458   -4.121   -2.590   -5.408

--- station 24 · cabinet B (serves heads 7-13) ---
token 'how' label (strength 12.0):
    -0.320   -0.158   -0.187   +0.276   -0.090   +0.231   -0.227   -0.147
    +0.433   +0.452   -0.447   +0.488   -1.174   +1.862   -0.079   +1.313
    +2.102   +1.127   -1.767   -0.350   +0.329   +2.114   -1.338   +1.597
    +1.744   +0.835   +0.894   -2.146   -1.140   +0.886   -2.265   +5.531
    -0.155   -0.091   -0.376   -0.295   -0.564   -0.508   -0.461   -0.788
    +0.272   -0.114   -0.719   -0.234   -1.070   +0.909   -0.939   -0.452
    -0.242   +0.810   +1.029   -1.404   -0.561   +0.673   -1.195   -2.424
    -1.518   +0.640   -3.239   +3.651   -0.941   +2.696   +2.912   -3.172
token ' are' label (strength 13.9):
    -0.164   -0.217   -0.310   -0.031   -0.291   -0.034   -0.416   -0.357
    +0.394   +0.151   -0.399   +0.398   -1.154   +0.643   -0.128   +1.010
    +0.810   +0.815   -1.090   -0.021   +0.923   +1.982   +1.293   +2.541
    +0.939   -0.409   +0.423   -4.858   -0.160   -1.047   -3.738   +6.127
    +0.080   -0.038   -0.082   -0.331   -0.037   -0.411   -0.153   -0.503
    +0.105   -0.508   -0.497   +0.236   +0.343   +0.332   +0.346   -0.704
    -0.842   +0.608   +0.721   -1.559   -0.243   +0.593   -3.307   -1.609
    -1.122   +3.746   -3.069   +3.995   -1.343   +5.022   +2.677   -1.644
token ' you' label (strength 13.8):
    +0.023   -0.053   +0.033   +0.276   -0.061   +0.211   -0.072   -0.001
    +0.362   +0.203   -0.207   +0.426   -0.944   +0.666   -0.466   +0.512
    +0.961   +0.353   -1.352   +0.124   +0.658   +1.881   +1.830   +2.278
    +1.806   +0.701   -0.106   -3.834   -0.464   -0.154   -2.998   +4.872
    -0.138   -0.039   -0.248   -0.159   -0.357   -0.241   -0.302   -0.387
    +0.194   -0.137   -0.709   +0.035   -0.210   +0.534   +0.485   -0.390
    -0.877   -0.210   -0.013   -1.604   +0.657   +0.742   -4.059   -2.849
    -1.036   +2.885   -2.720   +4.916   -1.643   +5.524   +3.448   -2.106


